{"producer":{"name":"Blender","version":"2.78 (sub 0)","exporter_version":"5.4.2","file":"worker.babylon"},
"autoClear":true,"clearColor":[0.0509,0.0509,0.0509],"ambientColor":[0,0,0],"gravity":[0,-9.81,0],
"materials":[{"name":"worker.Color2","id":"worker.Color2","ambient":[0,1,0],"diffuse":[0,1,0],"specular":[0,0,0],"emissive":[0,0,0],"specularPower":50,"alpha":1,"backFaceCulling":true,"checkReadyOnlyOnce":false,"maxSimultaneousLights":4},
{"name":"worker.Frame","id":"worker.Frame","ambient":[0.502,0.502,0.502],"diffuse":[0.502,0.502,0.502],"specular":[0,0,0],"emissive":[0,0,0],"specularPower":50,"alpha":1,"backFaceCulling":true,"checkReadyOnlyOnce":false,"maxSimultaneousLights":4},
{"name":"worker.Base","id":"worker.Base","ambient":[1,1,1],"diffuse":[1,1,1],"specular":[0,0,0],"emissive":[0,0,0],"specularPower":50,"alpha":1,"backFaceCulling":true,"checkReadyOnlyOnce":false,"maxSimultaneousLights":4},
{"name":"worker.Color1","id":"worker.Color1","ambient":[1,0,0],"diffuse":[0.8,0,0],"specular":[0.5,0.5,0.5],"emissive":[0,0,0],"specularPower":50,"alpha":1,"backFaceCulling":true,"checkReadyOnlyOnce":false,"maxSimultaneousLights":4},
{"name":"worker.Color3","id":"worker.Color3","ambient":[0,0,1],"diffuse":[0,0,0.8],"specular":[0,0,0],"emissive":[0,0,0],"specularPower":50,"alpha":1,"backFaceCulling":true,"checkReadyOnlyOnce":false,"maxSimultaneousLights":4}],
"multiMaterials":[{"name":"worker.Multimaterial#0","id":"worker.Multimaterial#0","materials":["worker.Color2","worker.Frame","worker.Base","worker.Color1","worker.Color3"]}],
"skeletons":[{"name":"Armature.001","id":0,"dimensionsAtRest":[0.9638,0.8737,1.2338],"bones":[
{"name":"Base","index":0,"matrix":[1,0,0,0,0,-0.1412,0.99,0,0,0.99,0.1412,0,0,0.2141,-0.164,1],"rest":[1,0,0,0,0,-0.1412,0.99,0,0,0.99,0.1412,0,0,0.2141,-0.164,1],"parentBoneIndex":-1,"length":0.7668
,"animation":{"dataType":3,"framePerSecond":24,"keys":[
{"frame":1,"values":[1,0,0,0,0,-0.1412,0.99,0,0,0.99,0.1412,0,0,0.2141,-0.164,1]},
{"frame":220,"values":[1,0,0,0,0,-0.1412,0.99,0,0,0.99,0.1412,0,0,0.2141,-0.164,1]},
{"frame":231,"values":[1,0,0,0,0,-0.1412,0.99,0,0,0.99,0.1412,0,0,0.2141,-0.164,1]},
{"frame":450,"values":[1,0,0,0,0,-0.1412,0.99,0,0,0.99,0.1412,0,0,0.2141,-0.164,1]},
{"frame":461,"values":[1,0,0,0,0,-0.1412,0.99,0,0,0.99,0.1412,0,0,0.2141,-0.164,1]},
{"frame":580,"values":[1,0,0,0,0,-0.1412,0.99,0,0,0.99,0.1412,0,0,0.2141,-0.164,1]},
{"frame":591,"values":[1,0,0,0,0,-0.1412,0.99,0,0,0.99,0.1412,0,0,0.2141,-0.164,1]},
{"frame":810,"values":[1,0,0,0,0,-0.1412,0.99,0,0,0.99,0.1412,0,0,0.2141,-0.164,1]},
{"frame":821,"values":[1,0,0,0,0,-0.1412,0.99,0,0,0.99,0.1412,0,0,0.2141,-0.164,1]},
{"frame":1040,"values":[1,0,0,0,0,-0.1412,0.99,0,0,0.99,0.1412,0,0,0.2141,-0.164,1]},
{"frame":1051,"values":[1,0,0,0,0,-0.1412,0.99,0,0,0.99,0.1412,0,0,0.2141,-0.164,1]},
{"frame":1270,"values":[1,0,0,0,0,-0.1412,0.99,0,0,0.99,0.1412,0,0,0.2141,-0.164,1]}],"loopBehavior":1,"name":"anim","property":"_matrix"}},
{"name":"Head","index":1,"matrix":[1,0,0,0,0,0.9645,0.2641,0,0,-0.2641,0.9645,0,0,0.0781,0.6238,1],"rest":[1,0,0,0,0,0.99,0.1412,0,0,-0.1412,0.99,0,0,0.0953,0.5031,1],"parentBoneIndex":0,"length":0.3695
,"animation":{"dataType":3,"framePerSecond":24,"keys":[
{"frame":1,"values":[1,0,0,0,0,0.99,0.1412,0,0,-0.1412,0.99,0,0,0.0953,0.5031,1]},
{"frame":3,"values":[1,0,0,0,0,0.99,0.1412,0,0,-0.1412,0.99,0,0,0.0953,0.5032,1]},
{"frame":4,"values":[1,0,0,0,0,0.99,0.1412,0,0,-0.1412,0.99,0,0,0.0953,0.5034,1]},
{"frame":5,"values":[1,0,0,0,0,0.99,0.1412,0,0,-0.1412,0.99,0,0,0.0952,0.5036,1]},
{"frame":6,"values":[1,0,0,0,0,0.99,0.1412,0,0,-0.1412,0.99,0,0,0.0952,0.5039,1]},
{"frame":7,"values":[1,0,0,0,0,0.99,0.1412,0,0,-0.1412,0.99,0,0,0.0951,0.5042,1]},
{"frame":8,"values":[1,0,0,0,0,0.99,0.1412,0,0,-0.1412,0.99,0,0,0.0951,0.5046,1]},
{"frame":9,"values":[1,0,0,0,0,0.99,0.1412,0,0,-0.1412,0.99,0,0,0.095,0.5051,1]},
{"frame":10,"values":[1,0,0,0,0,0.99,0.1412,0,0,-0.1412,0.99,0,0,0.0949,0.5056,1]},
{"frame":11,"values":[1,0,0,0,0,0.99,0.1412,0,0,-0.1412,0.99,0,0,0.0949,0.5063,1]},
{"frame":12,"values":[1,0,0,0,0,0.99,0.1412,0,0,-0.1412,0.99,0,0,0.0948,0.5069,1]},
{"frame":13,"values":[1,0,0,0,0,0.99,0.1412,0,0,-0.1412,0.99,0,0,0.0947,0.5076,1]},
{"frame":14,"values":[1,0,0,0,0,0.99,0.1412,0,0,-0.1412,0.99,0,0,0.0945,0.5084,1]},
{"frame":15,"values":[1,0,0,0,0,0.99,0.1412,0,0,-0.1412,0.99,0,0,0.0944,0.5093,1]},
{"frame":16,"values":[1,0,0,0,0,0.99,0.1412,0,0,-0.1412,0.99,0,0,0.0943,0.5102,1]},
{"frame":17,"values":[1,0,0,0,0,0.99,0.1412,0,0,-0.1412,0.99,0,0,0.0942,0.5111,1]},
{"frame":18,"values":[1,0,0,0,0,0.99,0.1412,0,0,-0.1412,0.99,0,0,0.094,0.5121,1]},
{"frame":19,"values":[1,0,0,0,0,0.99,0.1412,0,0,-0.1412,0.99,0,0,0.0939,0.5132,1]},
{"frame":20,"values":[1,0,0,0,0,0.99,0.1412,0,0,-0.1412,0.99,0,0,0.0937,0.5143,1]},
{"frame":21,"values":[1,0,0,0,0,0.99,0.1412,0,0,-0.1412,0.99,0,0,0.0935,0.5154,1]},
{"frame":22,"values":[1,0,0,0,0,0.99,0.1412,0,0,-0.1412,0.99,0,0,0.0934,0.5166,1]},
{"frame":23,"values":[1,0,0,0,0,0.99,0.1412,0,0,-0.1412,0.99,0,0,0.0932,0.5178,1]},
{"frame":24,"values":[1,0,0,0,0,0.99,0.1412,0,0,-0.1412,0.99,0,0,0.093,0.5191,1]},
{"frame":25,"values":[1,0,0,0,0,0.99,0.1412,0,0,-0.1412,0.99,0,0,0.0928,0.5204,1]},
{"frame":26,"values":[1,0,0,0,0,0.99,0.1412,0,0,-0.1412,0.99,0,0,0.0927,0.5217,1]},
{"frame":27,"values":[1,0,0,0,0,0.99,0.1412,0,0,-0.1412,0.99,0,0,0.0925,0.5231,1]},
{"frame":28,"values":[1,0,0,0,0,0.99,0.1412,0,0,-0.1412,0.99,0,0,0.0923,0.5244,1]},
{"frame":29,"values":[1,0,0,0,0,0.99,0.1412,0,0,-0.1412,0.99,0,0,0.0921,0.5258,1]},
{"frame":30,"values":[1,0,0,0,0,0.99,0.1412,0,0,-0.1412,0.99,0,0,0.0919,0.5271,1]},
{"frame":31,"values":[1,0,0,0,0,0.99,0.1412,0,0,-0.1412,0.99,0,0,0.0917,0.5285,1]},
{"frame":32,"values":[1,0,0,0,0,0.99,0.1412,0,0,-0.1412,0.99,0,0,0.0915,0.5299,1]},
{"frame":33,"values":[1,0,0,0,0,0.99,0.1412,0,0,-0.1412,0.99,0,0,0.0913,0.5313,1]},
{"frame":34,"values":[1,0,0,0,0,0.99,0.1412,0,0,-0.1412,0.99,0,0,0.0911,0.5326,1]},
{"frame":35,"values":[1,0,0,0,0,0.99,0.1412,0,0,-0.1412,0.99,0,0,0.0909,0.534,1]},
{"frame":36,"values":[1,0,0,0,0,0.99,0.1412,0,0,-0.1412,0.99,0,0,0.0907,0.5353,1]},
{"frame":37,"values":[1,0,0,0,0,0.99,0.1412,0,0,-0.1412,0.99,0,0,0.0905,0.5366,1]},
{"frame":38,"values":[1,0,0,0,0,0.99,0.1412,0,0,-0.1412,0.99,0,0,0.0904,0.5378,1]},
{"frame":39,"values":[1,0,0,0,0,0.99,0.1412,0,0,-0.1412,0.99,0,0,0.0902,0.5391,1]},
{"frame":40,"values":[1,0,0,0,0,0.99,0.1412,0,0,-0.1412,0.99,0,0,0.09,0.5402,1]},
{"frame":41,"values":[1,0,0,0,0,0.99,0.1412,0,0,-0.1412,0.99,0,0,0.0898,0.5414,1]},
{"frame":42,"values":[1,0,0,0,0,0.99,0.1412,0,0,-0.1412,0.99,0,0,0.0897,0.5425,1]},
{"frame":43,"values":[1,0,0,0,0,0.99,0.1412,0,0,-0.1412,0.99,0,0,0.0895,0.5436,1]},
{"frame":44,"values":[1,0,0,0,0,0.99,0.1412,0,0,-0.1412,0.99,0,0,0.0894,0.5446,1]},
{"frame":45,"values":[1,0,0,0,0,0.99,0.1412,0,0,-0.1412,0.99,0,0,0.0893,0.5455,1]},
{"frame":46,"values":[1,0,0,0,0,0.99,0.1412,0,0,-0.1412,0.99,0,0,0.0891,0.5464,1]},
{"frame":47,"values":[1,0,0,0,0,0.99,0.1412,0,0,-0.1412,0.99,0,0,0.089,0.5473,1]},
{"frame":48,"values":[1,0,0,0,0,0.99,0.1412,0,0,-0.1412,0.99,0,0,0.0889,0.548,1]},
{"frame":49,"values":[1,0,0,0,0,0.99,0.1412,0,0,-0.1412,0.99,0,0,0.0888,0.5488,1]},
{"frame":50,"values":[1,0,0,0,0,0.99,0.1412,0,0,-0.1412,0.99,0,0,0.0887,0.5494,1]},
{"frame":51,"values":[1,0,0,0,0,0.99,0.1412,0,0,-0.1412,0.99,0,0,0.0886,0.55,1]},
{"frame":52,"values":[1,0,0,0,0,0.99,0.1412,0,0,-0.1412,0.99,0,0,0.0885,0.5506,1]},
{"frame":53,"values":[1,0,0,0,0,0.99,0.1412,0,0,-0.1412,0.99,0,0,0.0885,0.551,1]},
{"frame":54,"values":[1,0,0,0,0,0.99,0.1412,0,0,-0.1412,0.99,0,0,0.0884,0.5515,1]},
{"frame":55,"values":[1,0,0,0,0,0.99,0.1412,0,0,-0.1412,0.99,0,0,0.0884,0.5518,1]},
{"frame":56,"values":[1,0,0,0,0,0.99,0.1412,0,0,-0.1412,0.99,0,0,0.0883,0.5521,1]},
{"frame":57,"values":[1,0,0,0,0,0.99,0.1412,0,0,-0.1412,0.99,0,0,0.0883,0.5523,1]},
{"frame":58,"values":[1,0,0,0,0,0.99,0.1412,0,0,-0.1412,0.99,0,0,0.0883,0.5525,1]},
{"frame":59,"values":[1,0,0,0,0,0.99,0.1412,0,0,-0.1412,0.99,0,0,0.0883,0.5526,1]},
{"frame":62,"values":[1,0,0,0,0,0.99,0.1412,0,0,-0.1412,0.99,0,0,0.0883,0.5525,1]},
{"frame":63,"values":[1,0,0,0,0,0.99,0.1412,0,0,-0.1412,0.99,0,0,0.0883,0.5523,1]},
{"frame":64,"values":[1,0,0,0,0,0.99,0.1412,0,0,-0.1412,0.99,0,0,0.0883,0.5521,1]},
{"frame":65,"values":[1,0,0,0,0,0.99,0.1412,0,0,-0.1412,0.99,0,0,0.0883,0.5519,1]},
{"frame":66,"values":[1,0,0,0,0,0.99,0.1412,0,0,-0.1412,0.99,0,0,0.0884,0.5516,1]},
{"frame":67,"values":[1,0,0,0,0,0.99,0.1412,0,0,-0.1412,0.99,0,0,0.0884,0.5513,1]},
{"frame":68,"values":[1,0,0,0,0,0.99,0.1412,0,0,-0.1412,0.99,0,0,0.0885,0.551,1]},
{"frame":69,"values":[1,0,0,0,0,0.99,0.1412,0,0,-0.1412,0.99,0,0,0.0885,0.5506,1]},
{"frame":70,"values":[1,0,0,0,0,0.99,0.1412,0,0,-0.1412,0.99,0,0,0.0886,0.5501,1]},
{"frame":71,"values":[1,0,0,0,0,0.99,0.1412,0,0,-0.1412,0.99,0,0,0.0887,0.5497,1]},
{"frame":72,"values":[1,0,0,0,0,0.99,0.1412,0,0,-0.1412,0.99,0,0,0.0887,0.5492,1]},
{"frame":73,"values":[1,0,0,0,0,0.99,0.1412,0,0,-0.1412,0.99,0,0,0.0888,0.5486,1]},
{"frame":74,"values":[1,0,0,0,0,0.99,0.1412,0,0,-0.1412,0.99,0,0,0.0889,0.5481,1]},
{"frame":75,"values":[1,0,0,0,0,0.99,0.1412,0,0,-0.1412,0.99,0,0,0.089,0.5475,1]},
{"frame":76,"values":[1,0,0,0,0,0.99,0.1412,0,0,-0.1412,0.99,0,0,0.0891,0.5469,1]},
{"frame":77,"values":[1,0,0,0,0,0.99,0.1412,0,0,-0.1412,0.99,0,0,0.0892,0.5462,1]},
{"frame":78,"values":[1,0,0,0,0,0.99,0.1412,0,0,-0.1412,0.99,0,0,0.0893,0.5455,1]},
{"frame":79,"values":[1,0,0,0,0,0.99,0.1412,0,0,-0.1412,0.99,0,0,0.0894,0.5448,1]},
{"frame":80,"values":[1,0,0,0,0,0.99,0.1412,0,0,-0.1412,0.99,0,0,0.0895,0.5441,1]},
{"frame":81,"values":[1,0,0,0,0,0.99,0.1412,0,0,-0.1412,0.99,0,0,0.0896,0.5434,1]},
{"frame":82,"values":[1,0,0,0,0,0.99,0.1412,0,0,-0.1412,0.99,0,0,0.0897,0.5426,1]},
{"frame":83,"values":[1,0,0,0,0,0.99,0.1412,0,0,-0.1412,0.99,0,0,0.0898,0.5418,1]},
{"frame":84,"values":[1,0,0,0,0,0.99,0.1412,0,0,-0.1412,0.99,0,0,0.0899,0.541,1]},
{"frame":85,"values":[1,0,0,0,0,0.99,0.1412,0,0,-0.1412,0.99,0,0,0.09,0.5402,1]},
{"frame":86,"values":[1,0,0,0,0,0.99,0.1412,0,0,-0.1412,0.99,0,0,0.0901,0.5394,1]},
{"frame":87,"values":[1,0,0,0,0,0.99,0.1412,0,0,-0.1412,0.99,0,0,0.0903,0.5385,1]},
{"frame":88,"values":[1,0,0,0,0,0.99,0.1412,0,0,-0.1412,0.99,0,0,0.0904,0.5376,1]},
{"frame":89,"values":[1,0,0,0,0,0.99,0.1412,0,0,-0.1412,0.99,0,0,0.0905,0.5367,1]},
{"frame":90,"values":[1,0,0,0,0,0.99,0.1412,0,0,-0.1412,0.99,0,0,0.0906,0.5358,1]},
{"frame":91,"values":[1,0,0,0,0,0.99,0.1412,0,0,-0.1412,0.99,0,0,0.0908,0.5349,1]},
{"frame":92,"values":[1,0,0,0,0,0.99,0.1412,0,0,-0.1412,0.99,0,0,0.0909,0.5339,1]},
{"frame":93,"values":[1,0,0,0,0,0.99,0.1412,0,0,-0.1412,0.99,0,0,0.0911,0.5329,1]},
{"frame":94,"values":[1,0,0,0,0,0.99,0.1412,0,0,-0.1412,0.99,0,0,0.0912,0.532,1]},
{"frame":95,"values":[1,0,0,0,0,0.99,0.1412,0,0,-0.1412,0.99,0,0,0.0913,0.531,1]},
{"frame":96,"values":[1,0,0,0,0,0.99,0.1412,0,0,-0.1412,0.99,0,0,0.0915,0.53,1]},
{"frame":97,"values":[1,0,0,0,0,0.99,0.1412,0,0,-0.1412,0.99,0,0,0.0916,0.5289,1]},
{"frame":98,"values":[1,0,0,0,0,0.99,0.1412,0,0,-0.1412,0.99,0,0,0.0918,0.5279,1]},
{"frame":99,"values":[1,0,0,0,0,0.99,0.1412,0,0,-0.1412,0.99,0,0,0.0919,0.5268,1]},
{"frame":100,"values":[1,0,0,0,0,0.99,0.1412,0,0,-0.1412,0.99,0,0,0.0921,0.5258,1]},
{"frame":101,"values":[1,0,0,0,0,0.99,0.1412,0,0,-0.1412,0.99,0,0,0.0922,0.5247,1]},
{"frame":102,"values":[1,0,0,0,0,0.99,0.1412,0,0,-0.1412,0.99,0,0,0.0924,0.5236,1]},
{"frame":103,"values":[1,0,0,0,0,0.99,0.1412,0,0,-0.1412,0.99,0,0,0.0925,0.5225,1]},
{"frame":104,"values":[1,0,0,0,0,0.99,0.1412,0,0,-0.1412,0.99,0,0,0.0927,0.5214,1]},
{"frame":105,"values":[1,0,0,0,0,0.99,0.1412,0,0,-0.1412,0.99,0,0,0.0929,0.5203,1]},
{"frame":106,"values":[1,0,0,0,0,0.99,0.1412,0,0,-0.1412,0.99,0,0,0.093,0.5191,1]},
{"frame":107,"values":[1,0,0,0,0,0.99,0.1412,0,0,-0.1412,0.99,0,0,0.0932,0.518,1]},
{"frame":108,"values":[1,0,0,0,0,0.99,0.1412,0,0,-0.1412,0.99,0,0,0.0933,0.5168,1]},
{"frame":109,"values":[1,0,0,0,0,0.99,0.1412,0,0,-0.1412,0.99,0,0,0.0935,0.5157,1]},
{"frame":110,"values":[1,0,0,0,0,0.99,0.1412,0,0,-0.1412,0.99,0,0,0.0937,0.5145,1]},
{"frame":111,"values":[1,0,0,0,0,0.99,0.1412,0,0,-0.1412,0.99,0,0,0.0938,0.5133,1]},
{"frame":112,"values":[1,0,0,0,0,0.99,0.1412,0,0,-0.1412,0.99,0,0,0.094,0.5121,1]},
{"frame":113,"values":[1,0,0,0,0,0.99,0.1412,0,0,-0.1412,0.99,0,0,0.0942,0.5109,1]},
{"frame":114,"values":[1,0,0,0,0,0.99,0.1412,0,0,-0.1412,0.99,0,0,0.0944,0.5097,1]},
{"frame":115,"values":[1,0,0,0,0,0.99,0.1412,0,0,-0.1412,0.99,0,0,0.0945,0.5085,1]},
{"frame":116,"values":[1,0,0,0,0,0.99,0.1412,0,0,-0.1412,0.99,0,0,0.0947,0.5074,1]},
{"frame":117,"values":[1,0,0,0,0,0.99,0.1412,0,0,-0.1412,0.99,0,0,0.0949,0.5062,1]},
{"frame":118,"values":[1,0,0,0,0,0.99,0.1412,0,0,-0.1412,0.99,0,0,0.095,0.505,1]},
{"frame":119,"values":[1,0,0,0,0,0.99,0.1412,0,0,-0.1412,0.99,0,0,0.0952,0.5039,1]},
{"frame":120,"values":[1,0,0,0,0,0.99,0.1412,0,0,-0.1412,0.99,0,0,0.0953,0.5031,1]},
{"frame":121,"values":[1,0,0,0,0,0.99,0.1412,0,0,-0.1412,0.99,0,0,0.0812,0.6021,1]},
{"frame":122,"values":[1,0,0,0,0,0.9888,0.1491,0,0,-0.1491,0.9888,0,0,0.0801,0.6095,1]},
{"frame":123,"values":[1,0,0,0,0,0.9867,0.1623,0,0,-0.1623,0.9867,0,0,0.0796,0.6135,1]},
{"frame":124,"values":[1,0,0,0,0,0.9842,0.1769,0,0,-0.1769,0.9842,0,0,0.0792,0.6163,1]},
{"frame":125,"values":[1,0,0,0,0,0.9814,0.192,0,0,-0.192,0.9814,0,0,0.0789,0.6184,1]},
{"frame":126,"values":[1,0,0,0,0,0.9783,0.2071,0,0,-0.2071,0.9783,0,0,0.0786,0.62,1]},
{"frame":127,"values":[1,0,0,0,0,0.975,0.2221,0,0,-0.2221,0.975,0,0,0.0785,0.6213,1]},
{"frame":128,"values":[1,0,0,0,0,0.9716,0.2366,0,0,-0.2366,0.9716,0,0,0.0783,0.6223,1]},
{"frame":129,"values":[1,0,0,0,0,0.9681,0.2507,0,0,-0.2507,0.9681,0,0,0.0782,0.6231,1]},
{"frame":130,"values":[1,0,0,0,0,0.9645,0.2641,0,0,-0.2641,0.9645,0,0,0.0781,0.6238,1]},
{"frame":131,"values":[1,0,0,0,0,0.9609,0.2768,0,0,-0.2768,0.9609,0,0,0.078,0.6243,1]},
{"frame":132,"values":[1,0,0,0,0,0.9574,0.2888,0,0,-0.2888,0.9574,0,0,0.078,0.6247,1]},
{"frame":133,"values":[1,0,0,0,0,0.954,0.2999,0,0,-0.2999,0.954,0,0,0.0779,0.625,1]},
{"frame":134,"values":[1,0,0,0,0,0.9508,0.3099,0,0,-0.3099,0.9508,0,0,0.0779,0.6253,1]},
{"frame":135,"values":[1,0,0,0,0,0.9478,0.3189,0,0,-0.3189,0.9478,0,0,0.0779,0.6254,1]},
{"frame":136,"values":[1,0,0,0,0,0.9451,0.3267,0,0,-0.3267,0.9451,0,0,0.0778,0.6255,1]},
{"frame":137,"values":[1,0,0,0,0,0.9429,0.3331,0,0,-0.3331,0.9429,0,0,0.0778,0.6256,1]},
{"frame":138,"values":[1,0,0,0,0,0.9412,0.338,0,0,-0.338,0.9412,0,0,0.0778,0.6256,1]},
{"frame":139,"values":[1,0,0,0,0,0.94,0.3411,0,0,-0.3411,0.94,0,0,0.0778,0.6257,1]},
{"frame":140,"values":[1,0,0,0,0,0.9396,0.3422,0,0,-0.3422,0.9396,0,0,0.0778,0.6257,1]},
{"frame":141,"values":[1,0,0,0,0,0.94,0.3412,0,0,-0.3412,0.94,0,0,0.0778,0.6255,1]},
{"frame":142,"values":[1,0,0,0,0,0.941,0.3384,0,0,-0.3384,0.941,0,0,0.0779,0.6252,1]},
{"frame":143,"values":[1,0,0,0,0,0.9426,0.334,0,0,-0.334,0.9426,0,0,0.078,0.6247,1]},
{"frame":144,"values":[1,0,0,0,0,0.9446,0.3281,0,0,-0.3281,0.9446,0,0,0.0781,0.624,1]},
{"frame":145,"values":[1,0,0,0,0,0.9471,0.3211,0,0,-0.3211,0.9471,0,0,0.0782,0.6231,1]},
{"frame":146,"values":[1,0,0,0,0,0.9498,0.3129,0,0,-0.3129,0.9498,0,0,0.0783,0.6221,1]},
{"frame":147,"values":[1,0,0,0,0,0.9528,0.3037,0,0,-0.3037,0.9528,0,0,0.0785,0.621,1]},
{"frame":148,"values":[1,0,0,0,0,0.9559,0.2936,0,0,-0.2936,0.9559,0,0,0.0787,0.6198,1]},
{"frame":149,"values":[1,0,0,0,0,0.9592,0.2826,0,0,-0.2826,0.9592,0,0,0.0788,0.6185,1]},
{"frame":150,"values":[1,0,0,0,0,0.9626,0.2709,0,0,-0.2709,0.9626,0,0,0.079,0.6172,1]},
{"frame":151,"values":[1,0,0,0,0,0.966,0.2586,0,0,-0.2586,0.966,0,0,0.0793,0.6157,1]},
{"frame":152,"values":[1,0,0,0,0,0.9694,0.2456,0,0,-0.2456,0.9694,0,0,0.0795,0.6142,1]},
{"frame":153,"values":[1,0,0,0,0,0.9727,0.2321,0,0,-0.2321,0.9727,0,0,0.0797,0.6126,1]},
{"frame":154,"values":[1,0,0,0,0,0.9759,0.2182,0,0,-0.2182,0.9759,0,0,0.0799,0.611,1]},
{"frame":155,"values":[1,0,0,0,0,0.979,0.204,0,0,-0.204,0.979,0,0,0.0802,0.6093,1]},
{"frame":156,"values":[1,0,0,0,0,0.9819,0.1896,0,0,-0.1896,0.9819,0,0,0.0804,0.6077,1]},
{"frame":157,"values":[1,0,0,0,0,0.9845,0.1753,0,0,-0.1753,0.9845,0,0,0.0806,0.606,1]},
{"frame":158,"values":[1,0,0,0,0,0.9869,0.1614,0,0,-0.1614,0.9869,0,0,0.0809,0.6044,1]},
{"frame":159,"values":[1,0,0,0,0,0.9889,0.1488,0,0,-0.1488,0.9889,0,0,0.0811,0.603,1]},
{"frame":160,"values":[1,0,0,0,0,0.99,0.1412,0,0,-0.1412,0.99,0,0,0.0812,0.6021,1]},
{"frame":162,"values":[1,0,0,0,0,0.99,0.1412,0,0,-0.1412,0.99,0,0,0.081,0.6035,1]},
{"frame":163,"values":[1,0,0,0,0,0.99,0.1412,0,0,-0.1412,0.99,0,0,0.0807,0.6057,1]},
{"frame":164,"values":[1,0,0,0,0,0.99,0.1412,0,0,-0.1412,0.99,0,0,0.0804,0.608,1]},
{"frame":165,"values":[1,0,0,0,0,0.99,0.1412,0,0,-0.1412,0.99,0,0,0.08,0.6104,1]},
{"frame":166,"values":[1,0,0,0,0,0.99,0.1412,0,0,-0.1412,0.99,0,0,0.0797,0.6128,1]},
{"frame":167,"values":[1,0,0,0,0,0.99,0.1412,0,0,-0.1412,0.99,0,0,0.0793,0.6152,1]},
{"frame":168,"values":[1,0,0,0,0,0.99,0.1412,0,0,-0.1412,0.99,0,0,0.079,0.6176,1]},
{"frame":169,"values":[1,0,0,0,0,0.99,0.1412,0,0,-0.1412,0.99,0,0,0.0786,0.62,1]},
{"frame":170,"values":[1,0,0,0,0,0.99,0.1412,0,0,-0.1412,0.99,0,0,0.0783,0.6223,1]},
{"frame":171,"values":[1,0,0,0,0,0.99,0.1412,0,0,-0.1412,0.99,0,0,0.078,0.6246,1]},
{"frame":172,"values":[1,0,0,0,0,0.99,0.1412,0,0,-0.1412,0.99,0,0,0.0777,0.6269,1]},
{"frame":173,"values":[1,0,0,0,0,0.99,0.1412,0,0,-0.1412,0.99,0,0,0.0773,0.6291,1]},
{"frame":174,"values":[1,0,0,0,0,0.99,0.1412,0,0,-0.1412,0.99,0,0,0.077,0.6312,1]},
{"frame":175,"values":[1,0,0,0,0,0.99,0.1412,0,0,-0.1412,0.99,0,0,0.0768,0.6332,1]},
{"frame":176,"values":[1,0,0,0,0,0.99,0.1412,0,0,-0.1412,0.99,0,0,0.0765,0.6352,1]},
{"frame":177,"values":[1,0,0,0,0,0.99,0.1412,0,0,-0.1412,0.99,0,0,0.0762,0.6371,1]},
{"frame":178,"values":[1,0,0,0,0,0.99,0.1412,0,0,-0.1412,0.99,0,0,0.0759,0.639,1]},
{"frame":179,"values":[1,0,0,0,0,0.99,0.1412,0,0,-0.1412,0.99,0,0,0.0757,0.6407,1]},
{"frame":180,"values":[1,0,0,0,0,0.99,0.1412,0,0,-0.1412,0.99,0,0,0.0755,0.6424,1]},
{"frame":181,"values":[1,0,0,0,0,0.99,0.1412,0,0,-0.1412,0.99,0,0,0.0752,0.6439,1]},
{"frame":182,"values":[1,0,0,0,0,0.99,0.1412,0,0,-0.1412,0.99,0,0,0.075,0.6453,1]},
{"frame":183,"values":[1,0,0,0,0,0.99,0.1412,0,0,-0.1412,0.99,0,0,0.0748,0.6467,1]},
{"frame":184,"values":[1,0,0,0,0,0.99,0.1412,0,0,-0.1412,0.99,0,0,0.0747,0.6479,1]},
{"frame":185,"values":[1,0,0,0,0,0.99,0.1412,0,0,-0.1412,0.99,0,0,0.0745,0.6489,1]},
{"frame":186,"values":[1,0,0,0,0,0.99,0.1412,0,0,-0.1412,0.99,0,0,0.0744,0.6498,1]},
{"frame":187,"values":[1,0,0,0,0,0.99,0.1412,0,0,-0.1412,0.99,0,0,0.0743,0.6506,1]},
{"frame":188,"values":[1,0,0,0,0,0.99,0.1412,0,0,-0.1412,0.99,0,0,0.0742,0.6511,1]},
{"frame":189,"values":[1,0,0,0,0,0.99,0.1412,0,0,-0.1412,0.99,0,0,0.0742,0.6515,1]},
{"frame":190,"values":[1,0,0,0,0,0.99,0.1412,0,0,-0.1412,0.99,0,0,0.0741,0.6516,1]},
{"frame":191,"values":[1,0,0,0,0,0.99,0.1412,0,0,-0.1412,0.99,0,0,0.0742,0.6515,1]},
{"frame":192,"values":[1,0,0,0,0,0.99,0.1412,0,0,-0.1412,0.99,0,0,0.0742,0.6511,1]},
{"frame":193,"values":[1,0,0,0,0,0.99,0.1412,0,0,-0.1412,0.99,0,0,0.0743,0.6505,1]},
{"frame":194,"values":[1,0,0,0,0,0.99,0.1412,0,0,-0.1412,0.99,0,0,0.0744,0.6496,1]},
{"frame":195,"values":[1,0,0,0,0,0.99,0.1412,0,0,-0.1412,0.99,0,0,0.0746,0.6485,1]},
{"frame":196,"values":[1,0,0,0,0,0.99,0.1412,0,0,-0.1412,0.99,0,0,0.0748,0.6472,1]},
{"frame":197,"values":[1,0,0,0,0,0.99,0.1412,0,0,-0.1412,0.99,0,0,0.075,0.6456,1]},
{"frame":198,"values":[1,0,0,0,0,0.99,0.1412,0,0,-0.1412,0.99,0,0,0.0752,0.6438,1]},
{"frame":199,"values":[1,0,0,0,0,0.99,0.1412,0,0,-0.1412,0.99,0,0,0.0755,0.6418,1]},
{"frame":200,"values":[1,0,0,0,0,0.99,0.1412,0,0,-0.1412,0.99,0,0,0.0758,0.6396,1]},
{"frame":201,"values":[1,0,0,0,0,0.99,0.1412,0,0,-0.1412,0.99,0,0,0.0762,0.6373,1]},
{"frame":202,"values":[1,0,0,0,0,0.99,0.1412,0,0,-0.1412,0.99,0,0,0.0765,0.6348,1]},
{"frame":203,"values":[1,0,0,0,0,0.99,0.1412,0,0,-0.1412,0.99,0,0,0.0769,0.6322,1]},
{"frame":204,"values":[1,0,0,0,0,0.99,0.1412,0,0,-0.1412,0.99,0,0,0.0773,0.6295,1]},
{"frame":205,"values":[1,0,0,0,0,0.99,0.1412,0,0,-0.1412,0.99,0,0,0.0777,0.6268,1]},
{"frame":206,"values":[1,0,0,0,0,0.99,0.1412,0,0,-0.1412,0.99,0,0,0.078,0.6241,1]},
{"frame":207,"values":[1,0,0,0,0,0.99,0.1412,0,0,-0.1412,0.99,0,0,0.0784,0.6215,1]},
{"frame":208,"values":[1,0,0,0,0,0.99,0.1412,0,0,-0.1412,0.99,0,0,0.0788,0.6189,1]},
{"frame":209,"values":[1,0,0,0,0,0.99,0.1412,0,0,-0.1412,0.99,0,0,0.0792,0.6164,1]},
{"frame":210,"values":[1,0,0,0,0,0.99,0.1412,0,0,-0.1412,0.99,0,0,0.0795,0.614,1]},
{"frame":211,"values":[1,0,0,0,0,0.99,0.1412,0,0,-0.1412,0.99,0,0,0.0798,0.6119,1]},
{"frame":212,"values":[1,0,0,0,0,0.99,0.1412,0,0,-0.1412,0.99,0,0,0.0801,0.6099,1]},
{"frame":213,"values":[1,0,0,0,0,0.99,0.1412,0,0,-0.1412,0.99,0,0,0.0803,0.6081,1]},
{"frame":214,"values":[1,0,0,0,0,0.99,0.1412,0,0,-0.1412,0.99,0,0,0.0806,0.6065,1]},
{"frame":215,"values":[1,0,0,0,0,0.99,0.1412,0,0,-0.1412,0.99,0,0,0.0808,0.6051,1]},
{"frame":216,"values":[1,0,0,0,0,0.99,0.1412,0,0,-0.1412,0.99,0,0,0.0809,0.604,1]},
{"frame":217,"values":[1,0,0,0,0,0.99,0.1412,0,0,-0.1412,0.99,0,0,0.081,0.6032,1]},
{"frame":218,"values":[1,0,0,0,0,0.99,0.1412,0,0,-0.1412,0.99,0,0,0.0811,0.6026,1]},
{"frame":219,"values":[1,0,0,0,0,0.99,0.1412,0,0,-0.1412,0.99,0,0,0.0812,0.6022,1]},
{"frame":220,"values":[1,0,0,0,0,0.99,0.1412,0,0,-0.1412,0.99,0,0,0.0812,0.6021,1]},
{"frame":231,"values":[1,0,0,0,0,0.99,0.1412,0,0,-0.1412,0.99,0,0,0.0953,0.5031,1]},
{"frame":233,"values":[1,0,0,0,0,0.99,0.1412,0,0,-0.1412,0.99,0,0,0.0953,0.5032,1]},
{"frame":234,"values":[1,0,0,0,0,0.99,0.1412,0,0,-0.1412,0.99,0,0,0.0953,0.5034,1]},
{"frame":235,"values":[1,0,0,0,0,0.99,0.1412,0,0,-0.1412,0.99,0,0,0.0952,0.5036,1]},
{"frame":236,"values":[1,0,0,0,0,0.99,0.1412,0,0,-0.1412,0.99,0,0,0.0952,0.5039,1]},
{"frame":237,"values":[1,0,0,0,0,0.99,0.1412,0,0,-0.1412,0.99,0,0,0.0951,0.5042,1]},
{"frame":238,"values":[1,0,0,0,0,0.99,0.1412,0,0,-0.1412,0.99,0,0,0.0951,0.5046,1]},
{"frame":239,"values":[1,0,0,0,0,0.99,0.1412,0,0,-0.1412,0.99,0,0,0.095,0.5051,1]},
{"frame":240,"values":[1,0,0,0,0,0.99,0.1412,0,0,-0.1412,0.99,0,0,0.0949,0.5056,1]},
{"frame":241,"values":[1,0,0,0,0,0.99,0.1412,0,0,-0.1412,0.99,0,0,0.0949,0.5063,1]},
{"frame":242,"values":[1,0,0,0,0,0.99,0.1412,0,0,-0.1412,0.99,0,0,0.0948,0.5069,1]},
{"frame":243,"values":[1,0,0,0,0,0.99,0.1412,0,0,-0.1412,0.99,0,0,0.0947,0.5076,1]},
{"frame":244,"values":[1,0,0,0,0,0.99,0.1412,0,0,-0.1412,0.99,0,0,0.0945,0.5084,1]},
{"frame":245,"values":[1,0,0,0,0,0.99,0.1412,0,0,-0.1412,0.99,0,0,0.0944,0.5093,1]},
{"frame":246,"values":[1,0,0,0,0,0.99,0.1412,0,0,-0.1412,0.99,0,0,0.0943,0.5102,1]},
{"frame":247,"values":[1,0,0,0,0,0.99,0.1412,0,0,-0.1412,0.99,0,0,0.0942,0.5111,1]},
{"frame":248,"values":[1,0,0,0,0,0.99,0.1412,0,0,-0.1412,0.99,0,0,0.094,0.5121,1]},
{"frame":249,"values":[1,0,0,0,0,0.99,0.1412,0,0,-0.1412,0.99,0,0,0.0939,0.5132,1]},
{"frame":250,"values":[1,0,0,0,0,0.99,0.1412,0,0,-0.1412,0.99,0,0,0.0937,0.5143,1]},
{"frame":251,"values":[1,0,0,0,0,0.99,0.1412,0,0,-0.1412,0.99,0,0,0.0935,0.5154,1]},
{"frame":252,"values":[1,0,0,0,0,0.99,0.1412,0,0,-0.1412,0.99,0,0,0.0934,0.5166,1]},
{"frame":253,"values":[1,0,0,0,0,0.99,0.1412,0,0,-0.1412,0.99,0,0,0.0932,0.5178,1]},
{"frame":254,"values":[1,0,0,0,0,0.99,0.1412,0,0,-0.1412,0.99,0,0,0.093,0.5191,1]},
{"frame":255,"values":[1,0,0,0,0,0.99,0.1412,0,0,-0.1412,0.99,0,0,0.0928,0.5204,1]},
{"frame":256,"values":[1,0,0,0,0,0.99,0.1412,0,0,-0.1412,0.99,0,0,0.0927,0.5217,1]},
{"frame":257,"values":[1,0,0,0,0,0.99,0.1412,0,0,-0.1412,0.99,0,0,0.0925,0.5231,1]},
{"frame":258,"values":[1,0,0,0,0,0.99,0.1412,0,0,-0.1412,0.99,0,0,0.0923,0.5244,1]},
{"frame":259,"values":[1,0,0,0,0,0.99,0.1412,0,0,-0.1412,0.99,0,0,0.0921,0.5258,1]},
{"frame":260,"values":[1,0,0,0,0,0.99,0.1412,0,0,-0.1412,0.99,0,0,0.0919,0.5271,1]},
{"frame":261,"values":[1,0,0,0,0,0.99,0.1412,0,0,-0.1412,0.99,0,0,0.0917,0.5285,1]},
{"frame":262,"values":[1,0,0,0,0,0.99,0.1412,0,0,-0.1412,0.99,0,0,0.0915,0.5299,1]},
{"frame":263,"values":[1,0,0,0,0,0.99,0.1412,0,0,-0.1412,0.99,0,0,0.0913,0.5313,1]},
{"frame":264,"values":[1,0,0,0,0,0.99,0.1412,0,0,-0.1412,0.99,0,0,0.0911,0.5326,1]},
{"frame":265,"values":[1,0,0,0,0,0.99,0.1412,0,0,-0.1412,0.99,0,0,0.0909,0.534,1]},
{"frame":266,"values":[1,0,0,0,0,0.99,0.1412,0,0,-0.1412,0.99,0,0,0.0907,0.5353,1]},
{"frame":267,"values":[1,0,0,0,0,0.99,0.1412,0,0,-0.1412,0.99,0,0,0.0905,0.5366,1]},
{"frame":268,"values":[1,0,0,0,0,0.99,0.1412,0,0,-0.1412,0.99,0,0,0.0904,0.5378,1]},
{"frame":269,"values":[1,0,0,0,0,0.99,0.1412,0,0,-0.1412,0.99,0,0,0.0902,0.5391,1]},
{"frame":270,"values":[1,0,0,0,0,0.99,0.1412,0,0,-0.1412,0.99,0,0,0.09,0.5402,1]},
{"frame":271,"values":[1,0,0,0,0,0.99,0.1412,0,0,-0.1412,0.99,0,0,0.0898,0.5414,1]},
{"frame":272,"values":[1,0,0,0,0,0.99,0.1412,0,0,-0.1412,0.99,0,0,0.0897,0.5425,1]},
{"frame":273,"values":[1,0,0,0,0,0.99,0.1412,0,0,-0.1412,0.99,0,0,0.0895,0.5436,1]},
{"frame":274,"values":[1,0,0,0,0,0.99,0.1412,0,0,-0.1412,0.99,0,0,0.0894,0.5446,1]},
{"frame":275,"values":[1,0,0,0,0,0.99,0.1412,0,0,-0.1412,0.99,0,0,0.0893,0.5455,1]},
{"frame":276,"values":[1,0,0,0,0,0.99,0.1412,0,0,-0.1412,0.99,0,0,0.0891,0.5464,1]},
{"frame":277,"values":[1,0,0,0,0,0.99,0.1412,0,0,-0.1412,0.99,0,0,0.089,0.5473,1]},
{"frame":278,"values":[1,0,0,0,0,0.99,0.1412,0,0,-0.1412,0.99,0,0,0.0889,0.548,1]},
{"frame":279,"values":[1,0,0,0,0,0.99,0.1412,0,0,-0.1412,0.99,0,0,0.0888,0.5488,1]},
{"frame":280,"values":[1,0,0,0,0,0.99,0.1412,0,0,-0.1412,0.99,0,0,0.0887,0.5494,1]},
{"frame":281,"values":[1,0,0,0,0,0.99,0.1412,0,0,-0.1412,0.99,0,0,0.0886,0.55,1]},
{"frame":282,"values":[1,0,0,0,0,0.99,0.1412,0,0,-0.1412,0.99,0,0,0.0885,0.5506,1]},
{"frame":283,"values":[1,0,0,0,0,0.99,0.1412,0,0,-0.1412,0.99,0,0,0.0885,0.551,1]},
{"frame":284,"values":[1,0,0,0,0,0.99,0.1412,0,0,-0.1412,0.99,0,0,0.0884,0.5515,1]},
{"frame":285,"values":[1,0,0,0,0,0.99,0.1412,0,0,-0.1412,0.99,0,0,0.0884,0.5518,1]},
{"frame":286,"values":[1,0,0,0,0,0.99,0.1412,0,0,-0.1412,0.99,0,0,0.0883,0.5521,1]},
{"frame":287,"values":[1,0,0,0,0,0.99,0.1412,0,0,-0.1412,0.99,0,0,0.0883,0.5523,1]},
{"frame":288,"values":[1,0,0,0,0,0.99,0.1412,0,0,-0.1412,0.99,0,0,0.0883,0.5525,1]},
{"frame":289,"values":[1,0,0,0,0,0.99,0.1412,0,0,-0.1412,0.99,0,0,0.0883,0.5526,1]},
{"frame":292,"values":[1,0,0,0,0,0.99,0.1412,0,0,-0.1412,0.99,0,0,0.0883,0.5525,1]},
{"frame":293,"values":[1,0,0,0,0,0.99,0.1412,0,0,-0.1412,0.99,0,0,0.0883,0.5523,1]},
{"frame":294,"values":[1,0,0,0,0,0.99,0.1412,0,0,-0.1412,0.99,0,0,0.0883,0.5521,1]},
{"frame":295,"values":[1,0,0,0,0,0.99,0.1412,0,0,-0.1412,0.99,0,0,0.0883,0.5519,1]},
{"frame":296,"values":[1,0,0,0,0,0.99,0.1412,0,0,-0.1412,0.99,0,0,0.0884,0.5516,1]},
{"frame":297,"values":[1,0,0,0,0,0.99,0.1412,0,0,-0.1412,0.99,0,0,0.0884,0.5513,1]},
{"frame":298,"values":[1,0,0,0,0,0.99,0.1412,0,0,-0.1412,0.99,0,0,0.0885,0.551,1]},
{"frame":299,"values":[1,0,0,0,0,0.99,0.1412,0,0,-0.1412,0.99,0,0,0.0885,0.5506,1]},
{"frame":300,"values":[1,0,0,0,0,0.99,0.1412,0,0,-0.1412,0.99,0,0,0.0886,0.5501,1]},
{"frame":301,"values":[1,0,0,0,0,0.99,0.1412,0,0,-0.1412,0.99,0,0,0.0887,0.5497,1]},
{"frame":302,"values":[1,0,0,0,0,0.99,0.1412,0,0,-0.1412,0.99,0,0,0.0887,0.5492,1]},
{"frame":303,"values":[1,0,0,0,0,0.99,0.1412,0,0,-0.1412,0.99,0,0,0.0888,0.5486,1]},
{"frame":304,"values":[1,0,0,0,0,0.99,0.1412,0,0,-0.1412,0.99,0,0,0.0889,0.5481,1]},
{"frame":305,"values":[1,0,0,0,0,0.99,0.1412,0,0,-0.1412,0.99,0,0,0.089,0.5475,1]},
{"frame":306,"values":[1,0,0,0,0,0.99,0.1412,0,0,-0.1412,0.99,0,0,0.0891,0.5469,1]},
{"frame":307,"values":[1,0,0,0,0,0.99,0.1412,0,0,-0.1412,0.99,0,0,0.0892,0.5462,1]},
{"frame":308,"values":[1,0,0,0,0,0.99,0.1412,0,0,-0.1412,0.99,0,0,0.0893,0.5455,1]},
{"frame":309,"values":[1,0,0,0,0,0.99,0.1412,0,0,-0.1412,0.99,0,0,0.0894,0.5448,1]},
{"frame":310,"values":[1,0,0,0,0,0.99,0.1412,0,0,-0.1412,0.99,0,0,0.0895,0.5441,1]},
{"frame":311,"values":[1,0,0,0,0,0.99,0.1412,0,0,-0.1412,0.99,0,0,0.0896,0.5434,1]},
{"frame":312,"values":[1,0,0,0,0,0.99,0.1412,0,0,-0.1412,0.99,0,0,0.0897,0.5426,1]},
{"frame":313,"values":[1,0,0,0,0,0.99,0.1412,0,0,-0.1412,0.99,0,0,0.0898,0.5418,1]},
{"frame":314,"values":[1,0,0,0,0,0.99,0.1412,0,0,-0.1412,0.99,0,0,0.0899,0.541,1]},
{"frame":315,"values":[1,0,0,0,0,0.99,0.1412,0,0,-0.1412,0.99,0,0,0.09,0.5402,1]},
{"frame":316,"values":[1,0,0,0,0,0.99,0.1412,0,0,-0.1412,0.99,0,0,0.0901,0.5394,1]},
{"frame":317,"values":[1,0,0,0,0,0.99,0.1412,0,0,-0.1412,0.99,0,0,0.0903,0.5385,1]},
{"frame":318,"values":[1,0,0,0,0,0.99,0.1412,0,0,-0.1412,0.99,0,0,0.0904,0.5376,1]},
{"frame":319,"values":[1,0,0,0,0,0.99,0.1412,0,0,-0.1412,0.99,0,0,0.0905,0.5367,1]},
{"frame":320,"values":[1,0,0,0,0,0.99,0.1412,0,0,-0.1412,0.99,0,0,0.0906,0.5358,1]},
{"frame":321,"values":[1,0,0,0,0,0.99,0.1412,0,0,-0.1412,0.99,0,0,0.0908,0.5349,1]},
{"frame":322,"values":[1,0,0,0,0,0.99,0.1412,0,0,-0.1412,0.99,0,0,0.0909,0.5339,1]},
{"frame":323,"values":[1,0,0,0,0,0.99,0.1412,0,0,-0.1412,0.99,0,0,0.0911,0.5329,1]},
{"frame":324,"values":[1,0,0,0,0,0.99,0.1412,0,0,-0.1412,0.99,0,0,0.0912,0.532,1]},
{"frame":325,"values":[1,0,0,0,0,0.99,0.1412,0,0,-0.1412,0.99,0,0,0.0913,0.531,1]},
{"frame":326,"values":[1,0,0,0,0,0.99,0.1412,0,0,-0.1412,0.99,0,0,0.0915,0.53,1]},
{"frame":327,"values":[1,0,0,0,0,0.99,0.1412,0,0,-0.1412,0.99,0,0,0.0916,0.5289,1]},
{"frame":328,"values":[1,0,0,0,0,0.99,0.1412,0,0,-0.1412,0.99,0,0,0.0918,0.5279,1]},
{"frame":329,"values":[1,0,0,0,0,0.99,0.1412,0,0,-0.1412,0.99,0,0,0.0919,0.5268,1]},
{"frame":330,"values":[1,0,0,0,0,0.99,0.1412,0,0,-0.1412,0.99,0,0,0.0921,0.5258,1]},
{"frame":331,"values":[1,0,0,0,0,0.99,0.1412,0,0,-0.1412,0.99,0,0,0.0922,0.5247,1]},
{"frame":332,"values":[1,0,0,0,0,0.99,0.1412,0,0,-0.1412,0.99,0,0,0.0924,0.5236,1]},
{"frame":333,"values":[1,0,0,0,0,0.99,0.1412,0,0,-0.1412,0.99,0,0,0.0925,0.5225,1]},
{"frame":334,"values":[1,0,0,0,0,0.99,0.1412,0,0,-0.1412,0.99,0,0,0.0927,0.5214,1]},
{"frame":335,"values":[1,0,0,0,0,0.99,0.1412,0,0,-0.1412,0.99,0,0,0.0929,0.5203,1]},
{"frame":336,"values":[1,0,0,0,0,0.99,0.1412,0,0,-0.1412,0.99,0,0,0.093,0.5191,1]},
{"frame":337,"values":[1,0,0,0,0,0.99,0.1412,0,0,-0.1412,0.99,0,0,0.0932,0.518,1]},
{"frame":338,"values":[1,0,0,0,0,0.99,0.1412,0,0,-0.1412,0.99,0,0,0.0933,0.5168,1]},
{"frame":339,"values":[1,0,0,0,0,0.99,0.1412,0,0,-0.1412,0.99,0,0,0.0935,0.5157,1]},
{"frame":340,"values":[1,0,0,0,0,0.99,0.1412,0,0,-0.1412,0.99,0,0,0.0937,0.5145,1]},
{"frame":341,"values":[1,0,0,0,0,0.99,0.1412,0,0,-0.1412,0.99,0,0,0.0938,0.5133,1]},
{"frame":342,"values":[1,0,0,0,0,0.99,0.1412,0,0,-0.1412,0.99,0,0,0.094,0.5121,1]},
{"frame":343,"values":[1,0,0,0,0,0.99,0.1412,0,0,-0.1412,0.99,0,0,0.0942,0.5109,1]},
{"frame":344,"values":[1,0,0,0,0,0.99,0.1412,0,0,-0.1412,0.99,0,0,0.0944,0.5097,1]},
{"frame":345,"values":[1,0,0,0,0,0.99,0.1412,0,0,-0.1412,0.99,0,0,0.0945,0.5085,1]},
{"frame":346,"values":[1,0,0,0,0,0.99,0.1412,0,0,-0.1412,0.99,0,0,0.0947,0.5074,1]},
{"frame":347,"values":[1,0,0,0,0,0.99,0.1412,0,0,-0.1412,0.99,0,0,0.0949,0.5062,1]},
{"frame":348,"values":[1,0,0,0,0,0.99,0.1412,0,0,-0.1412,0.99,0,0,0.095,0.505,1]},
{"frame":349,"values":[1,0,0,0,0,0.99,0.1412,0,0,-0.1412,0.99,0,0,0.0952,0.5039,1]},
{"frame":350,"values":[1,0,0,0,0,0.99,0.1412,0,0,-0.1412,0.99,0,0,0.0953,0.5031,1]},
{"frame":352,"values":[1,0,0,0,0,0.9888,0.1491,0,0,-0.1491,0.9888,0,0,0.0946,0.5078,1]},
{"frame":353,"values":[1,0,0,0,0,0.9867,0.1623,0,0,-0.1623,0.9867,0,0,0.0935,0.5157,1]},
{"frame":354,"values":[1,0,0,0,0,0.9842,0.1769,0,0,-0.1769,0.9842,0,0,0.0923,0.5245,1]},
{"frame":355,"values":[1,0,0,0,0,0.9814,0.192,0,0,-0.192,0.9814,0,0,0.091,0.5335,1]},
{"frame":356,"values":[1,0,0,0,0,0.9783,0.2071,0,0,-0.2071,0.9783,0,0,0.0897,0.5427,1]},
{"frame":357,"values":[1,0,0,0,0,0.975,0.2221,0,0,-0.2221,0.975,0,0,0.0884,0.5517,1]},
{"frame":358,"values":[1,0,0,0,0,0.9716,0.2366,0,0,-0.2366,0.9716,0,0,0.0871,0.5605,1]},
{"frame":359,"values":[1,0,0,0,0,0.9681,0.2507,0,0,-0.2507,0.9681,0,0,0.0859,0.569,1]},
{"frame":360,"values":[1,0,0,0,0,0.9645,0.2641,0,0,-0.2641,0.9645,0,0,0.0847,0.5772,1]},
{"frame":361,"values":[1,0,0,0,0,0.9609,0.2768,0,0,-0.2768,0.9609,0,0,0.0836,0.585,1]},
{"frame":362,"values":[1,0,0,0,0,0.9574,0.2888,0,0,-0.2888,0.9574,0,0,0.0826,0.5924,1]},
{"frame":363,"values":[1,0,0,0,0,0.954,0.2999,0,0,-0.2999,0.954,0,0,0.0816,0.5992,1]},
{"frame":364,"values":[1,0,0,0,0,0.9508,0.3099,0,0,-0.3099,0.9508,0,0,0.0807,0.6055,1]},
{"frame":365,"values":[1,0,0,0,0,0.9478,0.3189,0,0,-0.3189,0.9478,0,0,0.0799,0.6111,1]},
{"frame":366,"values":[1,0,0,0,0,0.9451,0.3267,0,0,-0.3267,0.9451,0,0,0.0792,0.6159,1]},
{"frame":367,"values":[1,0,0,0,0,0.9429,0.3331,0,0,-0.3331,0.9429,0,0,0.0786,0.6199,1]},
{"frame":368,"values":[1,0,0,0,0,0.9412,0.338,0,0,-0.338,0.9412,0,0,0.0782,0.623,1]},
{"frame":369,"values":[1,0,0,0,0,0.94,0.3411,0,0,-0.3411,0.94,0,0,0.0779,0.625,1]},
{"frame":370,"values":[1,0,0,0,0,0.9396,0.3422,0,0,-0.3422,0.9396,0,0,0.0778,0.6257,1]},
{"frame":371,"values":[1,0,0,0,0,0.94,0.3412,0,0,-0.3412,0.94,0,0,0.0778,0.6255,1]},
{"frame":372,"values":[1,0,0,0,0,0.941,0.3384,0,0,-0.3384,0.941,0,0,0.0779,0.6252,1]},
{"frame":373,"values":[1,0,0,0,0,0.9426,0.334,0,0,-0.334,0.9426,0,0,0.078,0.6247,1]},
{"frame":374,"values":[1,0,0,0,0,0.9446,0.3281,0,0,-0.3281,0.9446,0,0,0.0781,0.624,1]},
{"frame":375,"values":[1,0,0,0,0,0.9471,0.3211,0,0,-0.3211,0.9471,0,0,0.0782,0.6231,1]},
{"frame":376,"values":[1,0,0,0,0,0.9498,0.3129,0,0,-0.3129,0.9498,0,0,0.0783,0.6221,1]},
{"frame":377,"values":[1,0,0,0,0,0.9528,0.3037,0,0,-0.3037,0.9528,0,0,0.0785,0.621,1]},
{"frame":378,"values":[1,0,0,0,0,0.9559,0.2936,0,0,-0.2936,0.9559,0,0,0.0787,0.6198,1]},
{"frame":379,"values":[1,0,0,0,0,0.9592,0.2826,0,0,-0.2826,0.9592,0,0,0.0788,0.6185,1]},
{"frame":380,"values":[1,0,0,0,0,0.9626,0.2709,0,0,-0.2709,0.9626,0,0,0.079,0.6172,1]},
{"frame":381,"values":[1,0,0,0,0,0.966,0.2586,0,0,-0.2586,0.966,0,0,0.0793,0.6157,1]},
{"frame":382,"values":[1,0,0,0,0,0.9694,0.2456,0,0,-0.2456,0.9694,0,0,0.0795,0.6142,1]},
{"frame":383,"values":[1,0,0,0,0,0.9727,0.2321,0,0,-0.2321,0.9727,0,0,0.0797,0.6126,1]},
{"frame":384,"values":[1,0,0,0,0,0.9759,0.2182,0,0,-0.2182,0.9759,0,0,0.0799,0.611,1]},
{"frame":385,"values":[1,0,0,0,0,0.979,0.204,0,0,-0.204,0.979,0,0,0.0802,0.6093,1]},
{"frame":386,"values":[1,0,0,0,0,0.9819,0.1896,0,0,-0.1896,0.9819,0,0,0.0804,0.6077,1]},
{"frame":387,"values":[1,0,0,0,0,0.9845,0.1753,0,0,-0.1753,0.9845,0,0,0.0806,0.606,1]},
{"frame":388,"values":[1,0,0,0,0,0.9869,0.1614,0,0,-0.1614,0.9869,0,0,0.0809,0.6044,1]},
{"frame":389,"values":[1,0,0,0,0,0.9889,0.1488,0,0,-0.1488,0.9889,0,0,0.0811,0.603,1]},
{"frame":390,"values":[1,0,0,0,0,0.99,0.1412,0,0,-0.1412,0.99,0,0,0.0812,0.6021,1]},
{"frame":392,"values":[1,0,0,0,0,0.99,0.1412,0,0,-0.1412,0.99,0,0,0.081,0.6035,1]},
{"frame":393,"values":[1,0,0,0,0,0.99,0.1412,0,0,-0.1412,0.99,0,0,0.0807,0.6057,1]},
{"frame":394,"values":[1,0,0,0,0,0.99,0.1412,0,0,-0.1412,0.99,0,0,0.0804,0.608,1]},
{"frame":395,"values":[1,0,0,0,0,0.99,0.1412,0,0,-0.1412,0.99,0,0,0.08,0.6104,1]},
{"frame":396,"values":[1,0,0,0,0,0.99,0.1412,0,0,-0.1412,0.99,0,0,0.0797,0.6128,1]},
{"frame":397,"values":[1,0,0,0,0,0.99,0.1412,0,0,-0.1412,0.99,0,0,0.0793,0.6152,1]},
{"frame":398,"values":[1,0,0,0,0,0.99,0.1412,0,0,-0.1412,0.99,0,0,0.079,0.6176,1]},
{"frame":399,"values":[1,0,0,0,0,0.99,0.1412,0,0,-0.1412,0.99,0,0,0.0786,0.62,1]},
{"frame":400,"values":[1,0,0,0,0,0.99,0.1412,0,0,-0.1412,0.99,0,0,0.0783,0.6223,1]},
{"frame":401,"values":[1,0,0,0,0,0.99,0.1412,0,0,-0.1412,0.99,0,0,0.078,0.6246,1]},
{"frame":402,"values":[1,0,0,0,0,0.99,0.1412,0,0,-0.1412,0.99,0,0,0.0777,0.6269,1]},
{"frame":403,"values":[1,0,0,0,0,0.99,0.1412,0,0,-0.1412,0.99,0,0,0.0773,0.6291,1]},
{"frame":404,"values":[1,0,0,0,0,0.99,0.1412,0,0,-0.1412,0.99,0,0,0.077,0.6312,1]},
{"frame":405,"values":[1,0,0,0,0,0.99,0.1412,0,0,-0.1412,0.99,0,0,0.0768,0.6332,1]},
{"frame":406,"values":[1,0,0,0,0,0.99,0.1412,0,0,-0.1412,0.99,0,0,0.0765,0.6352,1]},
{"frame":407,"values":[1,0,0,0,0,0.99,0.1412,0,0,-0.1412,0.99,0,0,0.0762,0.6371,1]},
{"frame":408,"values":[1,0,0,0,0,0.99,0.1412,0,0,-0.1412,0.99,0,0,0.0759,0.639,1]},
{"frame":409,"values":[1,0,0,0,0,0.99,0.1412,0,0,-0.1412,0.99,0,0,0.0757,0.6407,1]},
{"frame":410,"values":[1,0,0,0,0,0.99,0.1412,0,0,-0.1412,0.99,0,0,0.0755,0.6424,1]},
{"frame":411,"values":[1,0,0,0,0,0.99,0.1412,0,0,-0.1412,0.99,0,0,0.0752,0.6439,1]},
{"frame":412,"values":[1,0,0,0,0,0.99,0.1412,0,0,-0.1412,0.99,0,0,0.075,0.6453,1]},
{"frame":413,"values":[1,0,0,0,0,0.99,0.1412,0,0,-0.1412,0.99,0,0,0.0748,0.6467,1]},
{"frame":414,"values":[1,0,0,0,0,0.99,0.1412,0,0,-0.1412,0.99,0,0,0.0747,0.6479,1]},
{"frame":415,"values":[1,0,0,0,0,0.99,0.1412,0,0,-0.1412,0.99,0,0,0.0745,0.6489,1]},
{"frame":416,"values":[1,0,0,0,0,0.99,0.1412,0,0,-0.1412,0.99,0,0,0.0744,0.6498,1]},
{"frame":417,"values":[1,0,0,0,0,0.99,0.1412,0,0,-0.1412,0.99,0,0,0.0743,0.6506,1]},
{"frame":418,"values":[1,0,0,0,0,0.99,0.1412,0,0,-0.1412,0.99,0,0,0.0742,0.6511,1]},
{"frame":419,"values":[1,0,0,0,0,0.99,0.1412,0,0,-0.1412,0.99,0,0,0.0742,0.6515,1]},
{"frame":420,"values":[1,0,0,0,0,0.99,0.1412,0,0,-0.1412,0.99,0,0,0.0741,0.6516,1]},
{"frame":421,"values":[1,0,0,0,0,0.99,0.1412,0,0,-0.1412,0.99,0,0,0.0742,0.6515,1]},
{"frame":422,"values":[1,0,0,0,0,0.99,0.1412,0,0,-0.1412,0.99,0,0,0.0742,0.6511,1]},
{"frame":423,"values":[1,0,0,0,0,0.99,0.1412,0,0,-0.1412,0.99,0,0,0.0743,0.6505,1]},
{"frame":424,"values":[1,0,0,0,0,0.99,0.1412,0,0,-0.1412,0.99,0,0,0.0744,0.6496,1]},
{"frame":425,"values":[1,0,0,0,0,0.99,0.1412,0,0,-0.1412,0.99,0,0,0.0746,0.6485,1]},
{"frame":426,"values":[1,0,0,0,0,0.99,0.1412,0,0,-0.1412,0.99,0,0,0.0748,0.6472,1]},
{"frame":427,"values":[1,0,0,0,0,0.99,0.1412,0,0,-0.1412,0.99,0,0,0.075,0.6456,1]},
{"frame":428,"values":[1,0,0,0,0,0.99,0.1412,0,0,-0.1412,0.99,0,0,0.0752,0.6438,1]},
{"frame":429,"values":[1,0,0,0,0,0.99,0.1412,0,0,-0.1412,0.99,0,0,0.0755,0.6418,1]},
{"frame":430,"values":[1,0,0,0,0,0.99,0.1412,0,0,-0.1412,0.99,0,0,0.0758,0.6396,1]},
{"frame":431,"values":[1,0,0,0,0,0.99,0.1412,0,0,-0.1412,0.99,0,0,0.0762,0.6373,1]},
{"frame":432,"values":[1,0,0,0,0,0.99,0.1412,0,0,-0.1412,0.99,0,0,0.0765,0.6348,1]},
{"frame":433,"values":[1,0,0,0,0,0.99,0.1412,0,0,-0.1412,0.99,0,0,0.0769,0.6322,1]},
{"frame":434,"values":[1,0,0,0,0,0.99,0.1412,0,0,-0.1412,0.99,0,0,0.0773,0.6295,1]},
{"frame":435,"values":[1,0,0,0,0,0.99,0.1412,0,0,-0.1412,0.99,0,0,0.0777,0.6268,1]},
{"frame":436,"values":[1,0,0,0,0,0.99,0.1412,0,0,-0.1412,0.99,0,0,0.078,0.6241,1]},
{"frame":437,"values":[1,0,0,0,0,0.99,0.1412,0,0,-0.1412,0.99,0,0,0.0784,0.6215,1]},
{"frame":438,"values":[1,0,0,0,0,0.99,0.1412,0,0,-0.1412,0.99,0,0,0.0788,0.6189,1]},
{"frame":439,"values":[1,0,0,0,0,0.99,0.1412,0,0,-0.1412,0.99,0,0,0.0792,0.6164,1]},
{"frame":440,"values":[1,0,0,0,0,0.99,0.1412,0,0,-0.1412,0.99,0,0,0.0795,0.614,1]},
{"frame":441,"values":[1,0,0,0,0,0.99,0.1412,0,0,-0.1412,0.99,0,0,0.0798,0.6119,1]},
{"frame":442,"values":[1,0,0,0,0,0.99,0.1412,0,0,-0.1412,0.99,0,0,0.0801,0.6099,1]},
{"frame":443,"values":[1,0,0,0,0,0.99,0.1412,0,0,-0.1412,0.99,0,0,0.0803,0.6081,1]},
{"frame":444,"values":[1,0,0,0,0,0.99,0.1412,0,0,-0.1412,0.99,0,0,0.0806,0.6065,1]},
{"frame":445,"values":[1,0,0,0,0,0.99,0.1412,0,0,-0.1412,0.99,0,0,0.0808,0.6051,1]},
{"frame":446,"values":[1,0,0,0,0,0.99,0.1412,0,0,-0.1412,0.99,0,0,0.0809,0.604,1]},
{"frame":447,"values":[1,0,0,0,0,0.99,0.1412,0,0,-0.1412,0.99,0,0,0.081,0.6032,1]},
{"frame":448,"values":[1,0,0,0,0,0.99,0.1412,0,0,-0.1412,0.99,0,0,0.0811,0.6026,1]},
{"frame":449,"values":[1,0,0,0,0,0.99,0.1412,0,0,-0.1412,0.99,0,0,0.0812,0.6022,1]},
{"frame":450,"values":[1,0,0,0,0,0.99,0.1412,0,0,-0.1412,0.99,0,0,0.0812,0.6021,1]},
