{"producer":{"name":"Blender","version":"2.78 (sub 0)","exporter_version":"5.4.2","file":"worker.babylon"},
"autoClear":true,"clearColor":[0.0509,0.0509,0.0509],"ambientColor":[0,0,0],"gravity":[0,-9.81,0],
"materials":[{"name":"worker.Color2","id":"worker.Color2","ambient":[0,1,0],"diffuse":[0,1,0],"specular":[0,0,0],"emissive":[0,0,0],"specularPower":50,"alpha":1,"backFaceCulling":true,"checkReadyOnlyOnce":false,"maxSimultaneousLights":4},
{"name":"worker.Frame","id":"worker.Frame","ambient":[0.502,0.502,0.502],"diffuse":[0.502,0.502,0.502],"specular":[0,0,0],"emissive":[0,0,0],"specularPower":50,"alpha":1,"backFaceCulling":true,"checkReadyOnlyOnce":false,"maxSimultaneousLights":4},
{"name":"worker.Base","id":"worker.Base","ambient":[1,1,1],"diffuse":[1,1,1],"specular":[0,0,0],"emissive":[0,0,0],"specularPower":50,"alpha":1,"backFaceCulling":true,"checkReadyOnlyOnce":false,"maxSimultaneousLights":4},
{"name":"worker.Color1","id":"worker.Color1","ambient":[1,0,0],"diffuse":[0.8,0,0],"specular":[0.5,0.5,0.5],"emissive":[0,0,0],"specularPower":50,"alpha":1,"backFaceCulling":true,"checkReadyOnlyOnce":false,"maxSimultaneousLights":4},
{"name":"worker.Color3","id":"worker.Color3","ambient":[0,0,1],"diffuse":[0,0,0.8],"specular":[0,0,0],"emissive":[0,0,0],"specularPower":50,"alpha":1,"backFaceCulling":true,"checkReadyOnlyOnce":false,"maxSimultaneousLights":4}],
"multiMaterials":[{"name":"worker.Multimaterial#0","id":"worker.Multimaterial#0","materials":["worker.Color2","worker.Frame","worker.Base","worker.Color1","worker.Color3"]}],
"skeletons":[{"name":"Armature.001","id":0,"dimensionsAtRest":[0.9638,0.8737,1.2338],"bones":[
{"name":"Base","index":0,"matrix":[1,0,0,0,0,-0.1412,0.99,0,0,0.99,0.1412,0,0,0.2141,-0.164,1],"rest":[1,0,0,0,0,-0.1412,0.99,0,0,0.99,0.1412,0,0,0.2141,-0.164,1],"parentBoneIndex":-1,"length":0.7668
,"animation":{"dataType":3,"framePerSecond":24,"keys":[
{"frame":1,"values":[1,0,0,0,0,-0.1412,0.99,0,0,0.99,0.1412,0,0,0.2141,-0.164,1]},
{"frame":100,"values":[1,0,0,0,0,-0.1412,0.99,0,0,0.99,0.1412,0,0,0.2141,-0.164,1]},
{"frame":111,"values":[1,0,0,0,0,-0.1412,0.99,0,0,0.99,0.1412,0,0,0.2141,-0.164,1]},
{"frame":210,"values":[1,0,0,0,0,-0.1412,0.99,0,0,0.99,0.1412,0,0,0.2141,-0.164,1]},
{"frame":221,"values":[1,0,0,0,0,-0.1412,0.99,0,0,0.99,0.1412,0,0,0.2141,-0.164,1]},
{"frame":320,"values":[1,0,0,0,0,-0.1412,0.99,0,0,0.99,0.1412,0,0,0.2141,-0.164,1]}],"loopBehavior":1,"name":"anim","property":"_matrix"}},
{"name":"Head","index":1,"matrix":[1,0,0,0,0,0.99,0.1412,0,0,-0.1412,0.99,0,0,0.0953,0.5031,1],"rest":[1,0,0,0,0,0.99,0.1412,0,0,-0.1412,0.99,0,0,0.0953,0.5031,1],"parentBoneIndex":0,"length":0.3695
,"animation":{"dataType":3,"framePerSecond":24,"keys":[
{"frame":1,"values":[1,0,0,0,0,0.99,0.1412,0,0,-0.1412,0.99,0,0,0.0953,0.5031,1]},
{"frame":100,"values":[1,0,0,0,0,0.99,0.1412,0,0,-0.1412,0.99,0,0,0.0953,0.5031,1]},
{"frame":111,"values":[1,0,0,0,0,0.99,0.1412,0,0,-0.1412,0.99,0,0,0.0953,0.5031,1]},
{"frame":210,"values":[1,0,0,0,0,0.99,0.1412,0,0,-0.1412,0.99,0,0,0.0953,0.5031,1]},
{"frame":221,"values":[1,0,0,0,0,0.99,0.1412,0,0,-0.1412,0.99,0,0,0.0953,0.5031,1]},
{"frame":320,"values":[1,0,0,0,0,0.99,0.1412,0,0,-0.1412,0.99,0,0,0.0953,0.5031,1]}],"loopBehavior":1,"name":"anim","property":"_matrix"}},
{"name":"EyeTop","index":2,"matrix":[1,0,0,0,0,1,0,0,0,0,1,0,0,0.1855,0.1,1],"rest":[1,0,0,0,0,1,0,0,0,0,1,0,0,0.1855,0.1,1],"parentBoneIndex":1,"length":0.1847
,"animation":{"dataType":3,"framePerSecond":24,"keys":[
{"frame":1,"values":[1,0,0,0,0,1,0,0,0,0,1,0,0,0.1855,0.1,1]},
{"frame":100,"values":[1,0,0,0,0,1,0,0,0,0,1,0,0,0.1855,0.1,1]},
{"frame":111,"values":[1,0,0,0,0,1,0,0,0,0,1,0,0,0.1855,0.1,1]},
{"frame":210,"values":[1,0,0,0,0,1,0,0,0,0,1,0,0,0.1855,0.1,1]},
{"frame":221,"values":[1,0,0,0,0,1,0,0,0,0,1,0,0,0.1855,0.1,1]},
{"frame":320,"values":[1,0,0,0,0,1,0,0,0,0,1,0,0,0.1855,0.1,1]}],"loopBehavior":1,"name":"anim","property":"_matrix"}},
{"name":"EyeBottom","index":3,"matrix":[1,0,0,0,0,1,0,0,0,0,1,0,0,0.1855,-0.1,1],"rest":[1,0,0,0,0,1,0,0,0,0,1,0,0,0.1855,-0.1,1],"parentBoneIndex":1,"length":0.1847
,"animation":{"dataType":3,"framePerSecond":24,"keys":[
{"frame":1,"values":[1,0,0,0,0,1,0,0,0,0,1,0,0,0.1855,-0.1,1]},
{"frame":100,"values":[1,0,0,0,0,1,0,0,0,0,1,0,0,0.1855,-0.1,1]},
{"frame":111,"values":[1,0,0,0,0,1,0,0,0,0,1,0,0,0.1855,-0.1,1]},
{"frame":210,"values":[1,0,0,0,0,1,0,0,0,0,1,0,0,0.1855,-0.1,1]},
{"frame":221,"values":[1,0,0,0,0,1,0,0,0,0,1,0,0,0.1855,-0.1,1]},
{"frame":320,"values":[1,0,0,0,0,1,0,0,0,0,1,0,0,0.1855,-0.1,1]}],"loopBehavior":1,"name":"anim","property":"_matrix"}},
{"name":"UpArmL","index":4,"matrix":[0.254,-0.0535,0.9657,0,-0.9579,0.1241,0.2588,0,-0.1337,-0.9908,-0.0198,0,-0.3747,0.3708,0.3143,1],"rest":[1,0,0,0,0,0.125,0.9922,0,0,-0.9922,0.125,0,-0.3747,0.3708,0.3143,1],"parentBoneIndex":0,"length":0.5252
,"animation":{"dataType":3,"framePerSecond":24,"keys":[
{"frame":1,"values":[0.254,-0.0535,0.9657,0,-0.9579,0.1241,0.2588,0,-0.1337,-0.9908,-0.0198,0,-0.3747,0.3708,0.3143,1]},
{"frame":31,"values":[0.26,-0.08,0.9623,0,-0.9549,0.127,0.2685,0,-0.1436,-0.9887,-0.0433,0,-0.3747,0.3708,0.3143,1]},
{"frame":32,"values":[0.2767,-0.1606,0.9474,0,-0.9449,0.1341,0.2987,0,-0.175,-0.9779,-0.1147,0,-0.3747,0.3708,0.3143,1]},
{"frame":33,"values":[0.2983,-0.2936,0.9082,0,-0.9264,0.1402,0.3496,0,-0.23,-0.9456,-0.2302,0,-0.3747,0.3708,0.3143,1]},
{"frame":34,"values":[0.3143,-0.4647,0.8278,0,-0.8983,0.1365,0.4177,0,-0.3071,-0.8749,-0.3746,0,-0.3747,0.3708,0.3143,1]},
{"frame":35,"values":[0.313,-0.6427,0.6992,0,-0.8627,0.1154,0.4923,0,-0.3971,-0.7573,-0.5184,0,-0.3747,0.3708,0.3143,1]},
{"frame":36,"values":[0.2907,-0.7908,0.5386,0,-0.8256,0.0773,0.559,0,-0.4837,-0.6071,-0.6304,0,-0.3747,0.3708,0.3143,1]},
{"frame":37,"values":[0.2552,-0.889,0.3802,0,-0.7936,0.0321,0.6076,0,-0.5524,-0.4568,-0.6973,0,-0.3747,0.3708,0.3143,1]},
{"frame":38,"values":[0.2201,-0.9416,0.2549,0,-0.7707,-0.0077,0.6371,0,-0.5979,-0.3367,-0.7274,0,-0.3747,0.3708,0.3143,1]},
{"frame":39,"values":[0.196,-0.9643,0.178,0,-0.7576,-0.0336,0.6518,0,-0.6226,-0.2626,-0.7372,0,-0.3747,0.3708,0.3143,1]},
{"frame":40,"values":[0.1876,-0.9703,0.1527,0,-0.7535,-0.0424,0.6561,0,-0.6302,-0.2381,-0.7391,0,-0.3747,0.3708,0.3143,1]},
{"frame":71,"values":[0.1885,-0.9697,0.1555,0,-0.7539,-0.0414,0.6556,0,-0.6293,-0.2408,-0.7389,0,-0.3747,0.3708,0.3143,1]},
{"frame":72,"values":[0.1913,-0.9678,0.1639,0,-0.7553,-0.0385,0.6542,0,-0.6268,-0.249,-0.7383,0,-0.3747,0.3708,0.3143,1]},
{"frame":73,"values":[0.196,-0.9643,0.178,0,-0.7576,-0.0336,0.6518,0,-0.6226,-0.2626,-0.7372,0,-0.3747,0.3708,0.3143,1]},
{"frame":74,"values":[0.2024,-0.9591,0.1979,0,-0.761,-0.0268,0.6482,0,-0.6164,-0.2818,-0.7353,0,-0.3747,0.3708,0.3143,1]},
{"frame":75,"values":[0.2105,-0.9517,0.2236,0,-0.7653,-0.0181,0.6434,0,-0.6083,-0.3065,-0.7322,0,-0.3747,0.3708,0.3143,1]},
{"frame":76,"values":[0.2201,-0.9416,0.2549,0,-0.7707,-0.0077,0.6371,0,-0.5979,-0.3367,-0.7274,0,-0.3747,0.3708,0.3143,1]},
{"frame":77,"values":[0.231,-0.9282,0.2917,0,-0.7772,0.0043,0.6292,0,-0.5853,-0.3721,-0.7204,0,-0.3747,0.3708,0.3143,1]},
{"frame":78,"values":[0.2428,-0.9109,0.3337,0,-0.7849,0.0177,0.6194,0,-0.5701,-0.4123,-0.7106,0,-0.3747,0.3708,0.3143,1]},
{"frame":79,"values":[0.2552,-0.889,0.3802,0,-0.7936,0.0321,0.6076,0,-0.5524,-0.4568,-0.6973,0,-0.3747,0.3708,0.3143,1]},
{"frame":80,"values":[0.2676,-0.862,0.4306,0,-0.8033,0.0471,0.5936,0,-0.532,-0.5048,-0.6798,0,-0.3747,0.3708,0.3143,1]},
{"frame":81,"values":[0.2796,-0.8293,0.4838,0,-0.8141,0.0623,0.5774,0,-0.509,-0.5553,-0.6577,0,-0.3747,0.3708,0.3143,1]},
{"frame":82,"values":[0.2907,-0.7908,0.5386,0,-0.8256,0.0773,0.559,0,-0.4837,-0.6071,-0.6304,0,-0.3747,0.3708,0.3143,1]},
{"frame":83,"values":[0.3002,-0.7466,0.5937,0,-0.8377,0.0914,0.5385,0,-0.4563,-0.659,-0.5979,0,-0.3747,0.3708,0.3143,1]},
{"frame":84,"values":[0.3077,-0.6969,0.6477,0,-0.8502,0.1043,0.5161,0,-0.4272,-0.7095,-0.5604,0,-0.3747,0.3708,0.3143,1]},
{"frame":85,"values":[0.313,-0.6427,0.6992,0,-0.8627,0.1154,0.4923,0,-0.3971,-0.7573,-0.5184,0,-0.3747,0.3708,0.3143,1]},
{"frame":86,"values":[0.3158,-0.5851,0.747,0,-0.8751,0.1246,0.4676,0,-0.3666,-0.8014,-0.4726,0,-0.3747,0.3708,0.3143,1]},
{"frame":87,"values":[0.3162,-0.5252,0.79,0,-0.887,0.1316,0.4425,0,-0.3364,-0.8407,-0.4243,0,-0.3747,0.3708,0.3143,1]},
{"frame":88,"values":[0.3143,-0.4647,0.8278,0,-0.8983,0.1365,0.4177,0,-0.3071,-0.8749,-0.3746,0,-0.3747,0.3708,0.3143,1]},
{"frame":89,"values":[0.3104,-0.4051,0.86,0,-0.9087,0.1394,0.3936,0,-0.2793,-0.9036,-0.3248,0,-0.3747,0.3708,0.3143,1]},
{"frame":90,"values":[0.3049,-0.3477,0.8867,0,-0.918,0.1405,0.3708,0,-0.2535,-0.927,-0.2763,0,-0.3747,0.3708,0.3143,1]},
{"frame":91,"values":[0.2983,-0.2936,0.9082,0,-0.9264,0.1402,0.3496,0,-0.23,-0.9456,-0.2302,0,-0.3747,0.3708,0.3143,1]},
{"frame":92,"values":[0.2911,-0.244,0.925,0,-0.9336,0.1388,0.3304,0,-0.209,-0.9598,-0.1874,0,-0.3747,0.3708,0.3143,1]},
{"frame":93,"values":[0.2838,-0.1995,0.9379,0,-0.9397,0.1366,0.3134,0,-0.1907,-0.9703,-0.1487,0,-0.3747,0.3708,0.3143,1]},
{"frame":94,"values":[0.2767,-0.1606,0.9474,0,-0.9449,0.1341,0.2987,0,-0.175,-0.9779,-0.1147,0,-0.3747,0.3708,0.3143,1]},
{"frame":95,"values":[0.2702,-0.1277,0.9543,0,-0.9491,0.1315,0.2863,0,-0.162,-0.9831,-0.0856,0,-0.3747,0.3708,0.3143,1]},
{"frame":96,"values":[0.2646,-0.1008,0.9591,0,-0.9524,0.129,0.2763,0,-0.1516,-0.9865,-0.0618,0,-0.3747,0.3708,0.3143,1]},
{"frame":97,"values":[0.26,-0.08,0.9623,0,-0.9549,0.127,0.2685,0,-0.1436,-0.9887,-0.0433,0,-0.3747,0.3708,0.3143,1]},
{"frame":98,"values":[0.2567,-0.0652,0.9643,0,-0.9566,0.1254,0.2631,0,-0.1381,-0.99,-0.0302,0,-0.3747,0.3708,0.3143,1]},
{"frame":99,"values":[0.2546,-0.0564,0.9654,0,-0.9576,0.1244,0.2599,0,-0.1348,-0.9906,-0.0223,0,-0.3747,0.3708,0.3143,1]},
{"frame":100,"values":[0.254,-0.0535,0.9657,0,-0.9579,0.1241,0.2588,0,-0.1337,-0.9908,-0.0198,0,-0.3747,0.3708,0.3143,1]},
{"frame":111,"values":[0.254,-0.0535,0.9657,0,-0.9579,0.1241,0.2588,0,-0.1337,-0.9908,-0.0198,0,-0.3747,0.3708,0.3143,1]},
{"frame":141,"values":[0.26,-0.08,0.9623,0,-0.9549,0.127,0.2685,0,-0.1436,-0.9887,-0.0433,0,-0.3747,0.3708,0.3143,1]},
{"frame":142,"values":[0.2767,-0.1606,0.9474,0,-0.9449,0.1341,0.2987,0,-0.175,-0.9779,-0.1147,0,-0.3747,0.3708,0.3143,1]},
{"frame":143,"values":[0.2983,-0.2936,0.9082,0,-0.9264,0.1402,0.3496,0,-0.23,-0.9456,-0.2302,0,-0.3747,0.3708,0.3143,1]},
{"frame":144,"values":[0.3143,-0.4647,0.8278,0,-0.8983,0.1365,0.4177,0,-0.3071,-0.8749,-0.3746,0,-0.3747,0.3708,0.3143,1]},
{"frame":145,"values":[0.313,-0.6427,0.6992,0,-0.8627,0.1154,0.4923,0,-0.3971,-0.7573,-0.5184,0,-0.3747,0.3708,0.3143,1]},
{"frame":146,"values":[0.2907,-0.7908,0.5386,0,-0.8256,0.0773,0.559,0,-0.4837,-0.6071,-0.6304,0,-0.3747,0.3708,0.3143,1]},
{"frame":147,"values":[0.2552,-0.889,0.3802,0,-0.7936,0.0321,0.6076,0,-0.5524,-0.4568,-0.6973,0,-0.3747,0.3708,0.3143,1]},
{"frame":148,"values":[0.2201,-0.9416,0.2549,0,-0.7707,-0.0077,0.6371,0,-0.5979,-0.3367,-0.7274,0,-0.3747,0.3708,0.3143,1]},
{"frame":149,"values":[0.196,-0.9643,0.178,0,-0.7576,-0.0336,0.6518,0,-0.6226,-0.2626,-0.7372,0,-0.3747,0.3708,0.3143,1]},
{"frame":150,"values":[0.1876,-0.9703,0.1527,0,-0.7535,-0.0424,0.6561,0,-0.6302,-0.2381,-0.7391,0,-0.3747,0.3708,0.3143,1]},
{"frame":181,"values":[0.1885,-0.9697,0.1555,0,-0.7539,-0.0414,0.6556,0,-0.6293,-0.2408,-0.7389,0,-0.3747,0.3708,0.3143,1]},
{"frame":182,"values":[0.1913,-0.9678,0.1639,0,-0.7553,-0.0385,0.6542,0,-0.6268,-0.249,-0.7383,0,-0.3747,0.3708,0.3143,1]},
{"frame":183,"values":[0.196,-0.9643,0.178,0,-0.7576,-0.0336,0.6518,0,-0.6226,-0.2626,-0.7372,0,-0.3747,0.3708,0.3143,1]},
{"frame":184,"values":[0.2024,-0.9591,0.1979,0,-0.761,-0.0268,0.6482,0,-0.6164,-0.2818,-0.7353,0,-0.3747,0.3708,0.3143,1]},
{"frame":185,"values":[0.2105,-0.9517,0.2236,0,-0.7653,-0.0181,0.6434,0,-0.6083,-0.3065,-0.7322,0,-0.3747,0.3708,0.3143,1]},
{"frame":186,"values":[0.2201,-0.9416,0.2549,0,-0.7707,-0.0077,0.6371,0,-0.5979,-0.3367,-0.7274,0,-0.3747,0.3708,0.3143,1]},
{"frame":187,"values":[0.231,-0.9282,0.2917,0,-0.7772,0.0043,0.6292,0,-0.5853,-0.3721,-0.7204,0,-0.3747,0.3708,0.3143,1]},
{"frame":188,"values":[0.2428,-0.9109,0.3337,0,-0.7849,0.0177,0.6194,0,-0.5701,-0.4123,-0.7106,0,-0.3747,0.3708,0.3143,1]},
{"frame":189,"values":[0.2552,-0.889,0.3802,0,-0.7936,0.0321,0.6076,0,-0.5524,-0.4568,-0.6973,0,-0.3747,0.3708,0.3143,1]},
{"frame":190,"values":[0.2676,-0.862,0.4306,0,-0.8033,0.0471,0.5936,0,-0.532,-0.5048,-0.6798,0,-0.3747,0.3708,0.3143,1]},
{"frame":191,"values":[0.2796,-0.8293,0.4838,0,-0.8141,0.0623,0.5774,0,-0.509,-0.5553,-0.6577,0,-0.3747,0.3708,0.3143,1]},
{"frame":192,"values":[0.2907,-0.7908,0.5386,0,-0.8256,0.0773,0.559,0,-0.4837,-0.6071,-0.6304,0,-0.3747,0.3708,0.3143,1]},
{"frame":193,"values":[0.3002,-0.7466,0.5937,0,-0.8377,0.0914,0.5385,0,-0.4563,-0.659,-0.5979,0,-0.3747,0.3708,0.3143,1]},
{"frame":194,"values":[0.3077,-0.6969,0.6477,0,-0.8502,0.1043,0.5161,0,-0.4272,-0.7095,-0.5604,0,-0.3747,0.3708,0.3143,1]},
{"frame":195,"values":[0.313,-0.6427,0.6992,0,-0.8627,0.1154,0.4923,0,-0.3971,-0.7573,-0.5184,0,-0.3747,0.3708,0.3143,1]},
{"frame":196,"values":[0.3158,-0.5851,0.747,0,-0.8751,0.1246,0.4676,0,-0.3666,-0.8014,-0.4726,0,-0.3747,0.3708,0.3143,1]},
{"frame":197,"values":[0.3162,-0.5252,0.79,0,-0.887,0.1316,0.4425,0,-0.3364,-0.8407,-0.4243,0,-0.3747,0.3708,0.3143,1]},
{"frame":198,"values":[0.3143,-0.4647,0.8278,0,-0.8983,0.1365,0.4177,0,-0.3071,-0.8749,-0.3746,0,-0.3747,0.3708,0.3143,1]},
{"frame":199,"values":[0.3104,-0.4051,0.86,0,-0.9087,0.1394,0.3936,0,-0.2793,-0.9036,-0.3248,0,-0.3747,0.3708,0.3143,1]},
{"frame":200,"values":[0.3049,-0.3477,0.8867,0,-0.918,0.1405,0.3708,0,-0.2535,-0.927,-0.2763,0,-0.3747,0.3708,0.3143,1]},
{"frame":201,"values":[0.2983,-0.2936,0.9082,0,-0.9264,0.1402,0.3496,0,-0.23,-0.9456,-0.2302,0,-0.3747,0.3708,0.3143,1]},
{"frame":202,"values":[0.2911,-0.244,0.925,0,-0.9336,0.1388,0.3304,0,-0.209,-0.9598,-0.1874,0,-0.3747,0.3708,0.3143,1]},
{"frame":203,"values":[0.2838,-0.1995,0.9379,0,-0.9397,0.1366,0.3134,0,-0.1907,-0.9703,-0.1487,0,-0.3747,0.3708,0.3143,1]},
{"frame":204,"values":[0.2767,-0.1606,0.9474,0,-0.9449,0.1341,0.2987,0,-0.175,-0.9779,-0.1147,0,-0.3747,0.3708,0.3143,1]},
{"frame":205,"values":[0.2702,-0.1277,0.9543,0,-0.9491,0.1315,0.2863,0,-0.162,-0.9831,-0.0856,0,-0.3747,0.3708,0.3143,1]},
{"frame":206,"values":[0.2646,-0.1008,0.9591,0,-0.9524,0.129,0.2763,0,-0.1516,-0.9865,-0.0618,0,-0.3747,0.3708,0.3143,1]},
{"frame":207,"values":[0.26,-0.08,0.9623,0,-0.9549,0.127,0.2685,0,-0.1436,-0.9887,-0.0433,0,-0.3747,0.3708,0.3143,1]},
{"frame":208,"values":[0.2567,-0.0652,0.9643,0,-0.9566,0.1254,0.2631,0,-0.1381,-0.99,-0.0302,0,-0.3747,0.3708,0.3143,1]},
{"frame":209,"values":[0.2546,-0.0564,0.9654,0,-0.9576,0.1244,0.2599,0,-0.1348,-0.9906,-0.0223,0,-0.3747,0.3708,0.3143,1]},
{"frame":210,"values":[0.254,-0.0535,0.9657,0,-0.9579,0.1241,0.2588,0,-0.1337,-0.9908,-0.0198,0,-0.3747,0.3708,0.3143,1]},
{"frame":221,"values":[0.254,-0.0535,0.9657,0,-0.9579,0.1241,0.2588,0,-0.1337,-0.9908,-0.0198,0,-0.3747,0.3708,0.3143,1]},
{"frame":251,"values":[0.26,-0.08,0.9623,0,-0.9549,0.127,0.2685,0,-0.1436,-0.9887,-0.0433,0,-0.3747,0.3708,0.3143,1]},
{"frame":252,"values":[0.2767,-0.1606,0.9474,0,-0.9449,0.1341,0.2987,0,-0.175,-0.9779,-0.1147,0,-0.3747,0.3708,0.3143,1]},
{"frame":253,"values":[0.2983,-0.2936,0.9082,0,-0.9264,0.1402,0.3496,0,-0.23,-0.9456,-0.2302,0,-0.3747,0.3708,0.3143,1]},
{"frame":254,"values":[0.3143,-0.4647,0.8278,0,-0.8983,0.1365,0.4177,0,-0.3071,-0.8749,-0.3746,0,-0.3747,0.3708,0.3143,1]},
{"frame":255,"values":[0.313,-0.6427,0.6992,0,-0.8627,0.1154,0.4923,0,-0.3971,-0.7573,-0.5184,0,-0.3747,0.3708,0.3143,1]},
{"frame":256,"values":[0.2907,-0.7908,0.5386,0,-0.8256,0.0773,0.559,0,-0.4837,-0.6071,-0.6304,0,-0.3747,0.3708,0.3143,1]},
{"frame":257,"values":[0.2552,-0.889,0.3802,0,-0.7936,0.0321,0.6076,0,-0.5524,-0.4568,-0.6973,0,-0.3747,0.3708,0.3143,1]},
{"frame":258,"values":[0.2201,-0.9416,0.2549,0,-0.7707,-0.0077,0.6371,0,-0.5979,-0.3367,-0.7274,0,-0.3747,0.3708,0.3143,1]},
{"frame":259,"values":[0.196,-0.9643,0.178,0,-0.7576,-0.0336,0.6518,0,-0.6226,-0.2626,-0.7372,0,-0.3747,0.3708,0.3143,1]},
{"frame":260,"values":[0.1876,-0.9703,0.1527,0,-0.7535,-0.0424,0.6561,0,-0.6302,-0.2381,-0.7391,0,-0.3747,0.3708,0.3143,1]},
{"frame":291,"values":[0.1885,-0.9697,0.1555,0,-0.7539,-0.0414,0.6556,0,-0.6293,-0.2408,-0.7389,0,-0.3747,0.3708,0.3143,1]},
{"frame":292,"values":[0.1913,-0.9678,0.1639,0,-0.7553,-0.0385,0.6542,0,-0.6268,-0.249,-0.7383,0,-0.3747,0.3708,0.3143,1]},
{"frame":293,"values":[0.196,-0.9643,0.178,0,-0.7576,-0.0336,0.6518,0,-0.6226,-0.2626,-0.7372,0,-0.3747,0.3708,0.3143,1]},
{"frame":294,"values":[0.2024,-0.9591,0.1979,0,-0.761,-0.0268,0.6482,0,-0.6164,-0.2818,-0.7353,0,-0.3747,0.3708,0.3143,1]},
{"frame":295,"values":[0.2105,-0.9517,0.2236,0,-0.7653,-0.0181,0.6434,0,-0.6083,-0.3065,-0.7322,0,-0.3747,0.3708,0.3143,1]},
{"frame":296,"values":[0.2201,-0.9416,0.2549,0,-0.7707,-0.0077,0.6371,0,-0.5979,-0.3367,-0.7274,0,-0.3747,0.3708,0.3143,1]},
{"frame":297,"values":[0.231,-0.9282,0.2917,0,-0.7772,0.0043,0.6292,0,-0.5853,-0.3721,-0.7204,0,-0.3747,0.3708,0.3143,1]},
{"frame":298,"values":[0.2428,-0.9109,0.3337,0,-0.7849,0.0177,0.6194,0,-0.5701,-0.4123,-0.7106,0,-0.3747,0.3708,0.3143,1]},
{"frame":299,"values":[0.2552,-0.889,0.3802,0,-0.7936,0.0321,0.6076,0,-0.5524,-0.4568,-0.6973,0,-0.3747,0.3708,0.3143,1]},
{"frame":300,"values":[0.2676,-0.862,0.4306,0,-0.8033,0.0471,0.5936,0,-0.532,-0.5048,-0.6798,0,-0.3747,0.3708,0.3143,1]},
{"frame":301,"values":[0.2796,-0.8293,0.4838,0,-0.8141,0.0623,0.5774,0,-0.509,-0.5553,-0.6577,0,-0.3747,0.3708,0.3143,1]},
{"frame":302,"values":[0.2907,-0.7908,0.5386,0,-0.8256,0.0773,0.559,0,-0.4837,-0.6071,-0.6304,0,-0.3747,0.3708,0.3143,1]},
{"frame":303,"values":[0.3002,-0.7466,0.5937,0,-0.8377,0.0914,0.5385,0,-0.4563,-0.659,-0.5979,0,-0.3747,0.3708,0.3143,1]},
{"frame":304,"values":[0.3077,-0.6969,0.6477,0,-0.8502,0.1043,0.5161,0,-0.4272,-0.7095,-0.5604,0,-0.3747,0.3708,0.3143,1]},
{"frame":305,"values":[0.313,-0.6427,0.6992,0,-0.8627,0.1154,0.4923,0,-0.3971,-0.7573,-0.5184,0,-0.3747,0.3708,0.3143,1]},
{"frame":306,"values":[0.3158,-0.5851,0.747,0,-0.8751,0.1246,0.4676,0,-0.3666,-0.8014,-0.4726,0,-0.3747,0.3708,0.3143,1]},
{"frame":307,"values":[0.3162,-0.5252,0.79,0,-0.887,0.1316,0.4425,0,-0.3364,-0.8407,-0.4243,0,-0.3747,0.3708,0.3143,1]},
{"frame":308,"values":[0.3143,-0.4647,0.8278,0,-0.8983,0.1365,0.4177,0,-0.3071,-0.8749,-0.3746,0,-0.3747,0.3708,0.3143,1]},
{"frame":309,"values":[0.3104,-0.4051,0.86,0,-0.9087,0.1394,0.3936,0,-0.2793,-0.9036,-0.3248,0,-0.3747,0.3708,0.3143,1]},
{"frame":310,"values":[0.3049,-0.3477,0.8867,0,-0.918,0.1405,0.3708,0,-0.2535,-0.927,-0.2763,0,-0.3747,0.3708,0.3143,1]},
{"frame":311,"values":[0.2983,-0.2936,0.9082,0,-0.9264,0.1402,0.3496,0,-0.23,-0.9456,-0.2302,0,-0.3747,0.3708,0.3143,1]},
{"frame":312,"values":[0.2911,-0.244,0.925,0,-0.9336,0.1388,0.3304,0,-0.209,-0.9598,-0.1874,0,-0.3747,0.3708,0.3143,1]},
{"frame":313,"values":[0.2838,-0.1995,0.9379,0,-0.9397,0.1366,0.3134,0,-0.1907,-0.9703,-0.1487,0,-0.3747,0.3708,0.3143,1]},
{"frame":314,"values":[0.2767,-0.1606,0.9474,0,-0.9449,0.1341,0.2987,0,-0.175,-0.9779,-0.1147,0,-0.3747,0.3708,0.3143,1]},
{"frame":315,"values":[0.2702,-0.1277,0.9543,0,-0.9491,0.1315,0.2863,0,-0.162,-0.9831,-0.0856,0,-0.3747,0.3708,0.3143,1]},
{"frame":316,"values":[0.2646,-0.1008,0.9591,0,-0.9524,0.129,0.2763,0,-0.1516,-0.9865,-0.0618,0,-0.3747,0.3708,0.3143,1]},
{"frame":317,"values":[0.26,-0.08,0.9623,0,-0.9549,0.127,0.2685,0,-0.1436,-0.9887,-0.0433,0,-0.3747,0.3708,0.3143,1]},
{"frame":318,"values":[0.2567,-0.0652,0.9643,0,-0.9566,0.1254,0.2631,0,-0.1381,-0.99,-0.0302,0,-0.3747,0.3708,0.3143,1]},
{"frame":319,"values":[0.2546,-0.0564,0.9654,0,-0.9576,0.1244,0.2599,0,-0.1348,-0.9906,-0.0223,0,-0.3747,0.3708,0.3143,1]},
{"frame":320,"values":[0.254,-0.0535,0.9657,0,-0.9579,0.1241,0.2588,0,-0.1337,-0.9908,-0.0198,0,-0.3747,0.3708,0.3143,1]}],"loopBehavior":1,"name":"anim","property":"_matrix"}},
{"name":"ArmL","index":5,"matrix":[0.7492,-0.4047,0.5243,0,0.0897,-0.7223,-0.6857,0,0.6562,0.5608,-0.5049,0,0,0.5252,0,1],"rest":[1,0,0,0,0,-0.01,-1,0,0,1,-0.01,0,0,0.5252,0,1],"parentBoneIndex":4,"length":0.5619
,"animation":{"dataType":3,"framePerSecond":24,"keys":[
{"frame":1,"values":[0.7492,-0.4047,0.5243,0,0.0897,-0.7223,-0.6857,0,0.6562,0.5608,-0.5049,0,0,0.5252,0,1]},
{"frame":31,"values":[0.7303,-0.4221,0.5371,0,0.0896,-0.7203,-0.6878,0,0.6772,0.5504,-0.4883,0,0,0.5252,0,1]},
{"frame":32,"values":[0.6687,-0.4735,0.5733,0,0.0895,-0.7141,-0.6943,0,0.7381,0.5156,-0.4351,0,0,0.5252,0,1]},
{"frame":33,"values":[0.5537,-0.5524,0.6231,0,0.0913,-0.7035,-0.7048,0,0.8277,0.4471,-0.3391,0,0,0.5252,0,1]},
{"frame":34,"values":[0.379,-0.6416,0.6669,0,0.0971,-0.6891,-0.7181,0,0.9203,0.3369,-0.1989,0,0,0.5252,0,1]},
{"frame":35,"values":[0.1581,-0.7147,0.6813,0,0.1084,-0.6732,-0.7314,0,0.9815,0.1895,-0.0289,0,0,0.5252,0,1]},
{"frame":36,"values":[-0.0707,-0.7516,0.6558,0,0.1242,-0.659,-0.7419,0,0.9897,0.029,0.1399,0,0,0.5252,0,1]},
{"frame":37,"values":[-0.2645,-0.7527,0.6029,0,0.1406,-0.6486,-0.748,0,0.9541,-0.1131,0.2774,0,0,0.5252,0,1]},
{"frame":38,"values":[-0.4005,-0.7352,0.5468,0,0.154,-0.6423,-0.7508,0,0.9032,-0.2165,0.3705,0,0,0.5252,0,1]},
{"frame":39,"values":[-0.4772,-0.7176,0.5072,0,0.1624,-0.6393,-0.7516,0,0.8637,-0.2763,0.4216,0,0,0.5252,0,1]},
{"frame":40,"values":[-0.5014,-0.7108,0.4934,0,0.1652,-0.6384,-0.7518,0,0.8493,-0.2954,0.4375,0,0,0.5252,0,1]},
{"frame":71,"values":[-0.4987,-0.7116,0.4949,0,0.1649,-0.6385,-0.7518,0,0.8509,-0.2934,0.4357,0,0,0.5252,0,1]},
{"frame":72,"values":[-0.4907,-0.7139,0.4995,0,0.1639,-0.6388,-0.7517,0,0.8557,-0.287,0.4305,0,0,0.5252,0,1]},
{"frame":73,"values":[-0.4772,-0.7176,0.5072,0,0.1624,-0.6393,-0.7516,0,0.8637,-0.2763,0.4216,0,0,0.5252,0,1]},
{"frame":74,"values":[-0.4578,-0.7227,0.5178,0,0.1602,-0.64,-0.7515,0,0.8745,-0.2611,0.4088,0,0,0.5252,0,1]},
{"frame":75,"values":[-0.4324,-0.7286,0.5312,0,0.1574,-0.641,-0.7512,0,0.8878,-0.2412,0.3919,0,0,0.5252,0,1]},
{"frame":76,"values":[-0.4005,-0.7352,0.5468,0,0.154,-0.6423,-0.7508,0,0.9032,-0.2165,0.3705,0,0,0.5252,0,1]},
{"frame":77,"values":[-0.362,-0.7418,0.5645,0,0.1501,-0.644,-0.7502,0,0.92,-0.1869,0.3445,0,0,0.5252,0,1]},
{"frame":78,"values":[-0.3167,-0.7479,0.5834,0,0.1456,-0.6461,-0.7493,0,0.9373,-0.1524,0.3135,0,0,0.5252,0,1]},
{"frame":79,"values":[-0.2645,-0.7527,0.6029,0,0.1406,-0.6486,-0.748,0,0.9541,-0.1131,0.2774,0,0,0.5252,0,1]},
{"frame":80,"values":[-0.2058,-0.7554,0.6221,0,0.1353,-0.6516,-0.7464,0,0.9692,-0.0694,0.2363,0,0,0.5252,0,1]},
{"frame":81,"values":[-0.1409,-0.7553,0.6401,0,0.1298,-0.655,-0.7444,0,0.9815,-0.0218,0.1903,0,0,0.5252,0,1]},
{"frame":82,"values":[-0.0707,-0.7516,0.6558,0,0.1242,-0.659,-0.7419,0,0.9897,0.029,0.1399,0,0,0.5252,0,1]},
{"frame":83,"values":[0.0035,-0.7438,0.6684,0,0.1186,-0.6633,-0.7388,0,0.9929,0.0819,0.0859,0,0,0.5252,0,1]},
{"frame":84,"values":[0.0804,-0.7315,0.6771,0,0.1133,-0.6681,-0.7354,0,0.9903,0.1358,0.0292,0,0,0.5252,0,1]},
{"frame":85,"values":[0.1581,-0.7147,0.6813,0,0.1084,-0.6732,-0.7314,0,0.9815,0.1895,-0.0289,0,0,0.5252,0,1]},
{"frame":86,"values":[0.2349,-0.6937,0.6809,0,0.104,-0.6785,-0.7272,0,0.9664,0.2416,-0.0872,0,0,0.5252,0,1]},
{"frame":87,"values":[0.309,-0.669,0.6759,0,0.1002,-0.6839,-0.7227,0,0.9458,0.2911,-0.1443,0,0,0.5252,0,1]},
{"frame":88,"values":[0.379,-0.6416,0.6669,0,0.0971,-0.6891,-0.7181,0,0.9203,0.3369,-0.1989,0,0,0.5252,0,1]},
{"frame":89,"values":[0.4436,-0.6123,0.6545,0,0.0945,-0.6942,-0.7135,0,0.8912,0.3784,-0.2501,0,0,0.5252,0,1]},
{"frame":90,"values":[0.5019,-0.5822,0.6396,0,0.0926,-0.6991,-0.709,0,0.8599,0.4152,-0.297,0,0,0.5252,0,1]},
{"frame":91,"values":[0.5537,-0.5524,0.6231,0,0.0913,-0.7035,-0.7048,0,0.8277,0.4471,-0.3391,0,0,0.5252,0,1]},
{"frame":92,"values":[0.5986,-0.5239,0.606,0,0.0904,-0.7075,-0.7009,0,0.796,0.4743,-0.3761,0,0,0.5252,0,1]},
{"frame":93,"values":[0.6368,-0.4974,0.5892,0,0.0898,-0.7111,-0.6974,0,0.7658,0.497,-0.4081,0,0,0.5252,0,1]},
{"frame":94,"values":[0.6687,-0.4735,0.5733,0,0.0895,-0.7141,-0.6943,0,0.7381,0.5156,-0.4351,0,0,0.5252,0,1]},
{"frame":95,"values":[0.6946,-0.4528,0.559,0,0.0895,-0.7167,-0.6917,0,0.7138,0.5304,-0.4573,0,0,0.5252,0,1]},
{"frame":96,"values":[0.715,-0.4356,0.5468,0,0.0895,-0.7187,-0.6895,0,0.6934,0.5419,-0.4749,0,0,0.5252,0,1]},
{"frame":97,"values":[0.7303,-0.4221,0.5371,0,0.0896,-0.7203,-0.6878,0,0.6772,0.5504,-0.4883,0,0,0.5252,0,1]},
{"frame":98,"values":[0.741,-0.4124,0.53,0,0.0896,-0.7214,-0.6867,0,0.6655,0.5563,-0.4976,0,0,0.5252,0,1]},
{"frame":99,"values":[0.7472,-0.4066,0.5257,0,0.0897,-0.7221,-0.686,0,0.6585,0.5597,-0.5031,0,0,0.5252,0,1]},
{"frame":100,"values":[0.7492,-0.4047,0.5243,0,0.0897,-0.7223,-0.6857,0,0.6562,0.5608,-0.5049,0,0,0.5252,0,1]},
{"frame":111,"values":[0.7492,-0.4047,0.5243,0,0.0897,-0.7223,-0.6857,0,0.6562,0.5608,-0.5049,0,0,0.5252,0,1]},
{"frame":141,"values":[0.7303,-0.4221,0.5371,0,0.0896,-0.7203,-0.6878,0,0.6772,0.5504,-0.4883,0,0,0.5252,0,1]},
{"frame":142,"values":[0.6687,-0.4735,0.5733,0,0.0895,-0.7141,-0.6943,0,0.7381,0.5156,-0.4351,0,0,0.5252,0,1]},
{"frame":143,"values":[0.5537,-0.5524,0.6231,0,0.0913,-0.7035,-0.7048,0,0.8277,0.4471,-0.3391,0,0,0.5252,0,1]},
{"frame":144,"values":[0.379,-0.6416,0.6669,0,0.0971,-0.6891,-0.7181,0,0.9203,0.3369,-0.1989,0,0,0.5252,0,1]},
{"frame":145,"values":[0.1581,-0.7147,0.6813,0,0.1084,-0.6732,-0.7314,0,0.9815,0.1895,-0.0289,0,0,0.5252,0,1]},
{"frame":146,"values":[-0.0707,-0.7516,0.6558,0,0.1242,-0.659,-0.7419,0,0.9897,0.029,0.1399,0,0,0.5252,0,1]},
{"frame":147,"values":[-0.2645,-0.7527,0.6029,0,0.1406,-0.6486,-0.748,0,0.9541,-0.1131,0.2774,0,0,0.5252,0,1]},
{"frame":148,"values":[-0.4005,-0.7352,0.5468,0,0.154,-0.6423,-0.7508,0,0.9032,-0.2165,0.3705,0,0,0.5252,0,1]},
{"frame":149,"values":[-0.4772,-0.7176,0.5072,0,0.1624,-0.6393,-0.7516,0,0.8637,-0.2763,0.4216,0,0,0.5252,0,1]},
{"frame":150,"values":[-0.5014,-0.7108,0.4934,0,0.1652,-0.6384,-0.7518,0,0.8493,-0.2954,0.4375,0,0,0.5252,0,1]},
{"frame":181,"values":[-0.4987,-0.7116,0.4949,0,0.1649,-0.6385,-0.7518,0,0.8509,-0.2934,0.4357,0,0,0.5252,0,1]},
{"frame":182,"values":[-0.4907,-0.7139,0.4995,0,0.1639,-0.6388,-0.7517,0,0.8557,-0.287,0.4305,0,0,0.5252,0,1]},
{"frame":183,"values":[-0.4772,-0.7176,0.5072,0,0.1624,-0.6393,-0.7516,0,0.8637,-0.2763,0.4216,0,0,0.5252,0,1]},
{"frame":184,"values":[-0.4578,-0.7227,0.5178,0,0.1602,-0.64,-0.7515,0,0.8745,-0.2611,0.4088,0,0,0.5252,0,1]},
{"frame":185,"values":[-0.4324,-0.7286,0.5312,0,0.1574,-0.641,-0.7512,0,0.8878,-0.2412,0.3919,0,0,0.5252,0,1]},
{"frame":186,"values":[-0.4005,-0.7352,0.5468,0,0.154,-0.6423,-0.7508,0,0.9032,-0.2165,0.3705,0,0,0.5252,0,1]},
{"frame":187,"values":[-0.362,-0.7418,0.5645,0,0.1501,-0.644,-0.7502,0,0.92,-0.1869,0.3445,0,0,0.5252,0,1]},
{"frame":188,"values":[-0.3167,-0.7479,0.5834,0,0.1456,-0.6461,-0.7493,0,0.9373,-0.1524,0.3135,0,0,0.5252,0,1]},
{"frame":189,"values":[-0.2645,-0.7527,0.6029,0,0.1406,-0.6486,-0.748,0,0.9541,-0.1131,0.2774,0,0,0.5252,0,1]},
{"frame":190,"values":[-0.2058,-0.7554,0.6221,0,0.1353,-0.6516,-0.7464,0,0.9692,-0.0694,0.2363,0,0,0.5252,0,1]},
{"frame":191,"values":[-0.1409,-0.7553,0.6401,0,0.1298,-0.655,-0.7444,0,0.9815,-0.0218,0.1903,0,0,0.5252,0,1]},
{"frame":192,"values":[-0.0707,-0.7516,0.6558,0,0.1242,-0.659,-0.7419,0,0.9897,0.029,0.1399,0,0,0.5252,0,1]},
{"frame":193,"values":[0.0035,-0.7438,0.6684,0,0.1186,-0.6633,-0.7388,0,0.9929,0.0819,0.0859,0,0,0.5252,0,1]},
{"frame":194,"values":[0.0804,-0.7315,0.6771,0,0.1133,-0.6681,-0.7354,0,0.9903,0.1358,0.0292,0,0,0.5252,0,1]},
{"frame":195,"values":[0.1581,-0.7147,0.6813,0,0.1084,-0.6732,-0.7314,0,0.9815,0.1895,-0.0289,0,0,0.5252,0,1]},
{"frame":196,"values":[0.2349,-0.6937,0.6809,0,0.104,-0.6785,-0.7272,0,0.9664,0.2416,-0.0872,0,0,0.5252,0,1]},
{"frame":197,"values":[0.309,-0.669,0.6759,0,0.1002,-0.6839,-0.7227,0,0.9458,0.2911,-0.1443,0,0,0.5252,0,1]},
{"frame":198,"values":[0.379,-0.6416,0.6669,0,0.0971,-0.6891,-0.7181,0,0.9203,0.3369,-0.1989,0,0,0.5252,0,1]},
{"frame":199,"values":[0.4436,-0.6123,0.6545,0,0.0945,-0.6942,-0.7135,0,0.8912,0.3784,-0.2501,0,0,0.5252,0,1]},
{"frame":200,"values":[0.5019,-0.5822,0.6396,0,0.0926,-0.6991,-0.709,0,0.8599,0.4152,-0.297,0,0,0.5252,0,1]},
{"frame":201,"values":[0.5537,-0.5524,0.6231,0,0.0913,-0.7035,-0.7048,0,0.8277,0.4471,-0.3391,0,0,0.5252,0,1]},
{"frame":202,"values":[0.5986,-0.5239,0.606,0,0.0904,-0.7075,-0.7009,0,0.796,0.4743,-0.3761,0,0,0.5252,0,1]},
{"frame":203,"values":[0.6368,-0.4974,0.5892,0,0.0898,-0.7111,-0.6974,0,0.7658,0.497,-0.4081,0,0,0.5252,0,1]},
{"frame":204,"values":[0.6687,-0.4735,0.5733,0,0.0895,-0.7141,-0.6943,0,0.7381,0.5156,-0.4351,0,0,0.5252,0,1]},
{"frame":205,"values":[0.6946,-0.4528,0.559,0,0.0895,-0.7167,-0.6917,0,0.7138,0.5304,-0.4573,0,0,0.5252,0,1]},
{"frame":206,"values":[0.715,-0.4356,0.5468,0,0.0895,-0.7187,-0.6895,0,0.6934,0.5419,-0.4749,0,0,0.5252,0,1]},
{"frame":207,"values":[0.7303,-0.4221,0.5371,0,0.0896,-0.7203,-0.6878,0,0.6772,0.5504,-0.4883,0,0,0.5252,0,1]},
{"frame":208,"values":[0.741,-0.4124,0.53,0,0.0896,-0.7214,-0.6867,0,0.6655,0.5563,-0.4976,0,0,0.5252,0,1]},
{"frame":209,"values":[0.7472,-0.4066,0.5257,0,0.0897,-0.7221,-0.686,0,0.6585,0.5597,-0.5031,0,0,0.5252,0,1]},
{"frame":210,"values":[0.7492,-0.4047,0.5243,0,0.0897,-0.7223,-0.6857,0,0.6562,0.5608,-0.5049,0,0,0.5252,0,1]},
{"frame":221,"values":[0.7492,-0.4047,0.5243,0,0.0897,-0.7223,-0.6857,0,0.6562,0.5608,-0.5049,0,0,0.5252,0,1]},
{"frame":251,"values":[0.7303,-0.4221,0.5371,0,0.0896,-0.7203,-0.6878,0,0.6772,0.5504,-0.4883,0,0,0.5252,0,1]},
{"frame":252,"values":[0.6687,-0.4735,0.5733,0,0.0895,-0.7141,-0.6943,0,0.7381,0.5156,-0.4351,0,0,0.5252,0,1]},
{"frame":253,"values":[0.5537,-0.5524,0.6231,0,0.0913,-0.7035,-0.7048,0,0.8277,0.4471,-0.3391,0,0,0.5252,0,1]},
{"frame":254,"values":[0.379,-0.6416,0.6669,0,0.0971,-0.6891,-0.7181,0,0.9203,0.3369,-0.1989,0,0,0.5252,0,1]},
{"frame":255,"values":[0.1581,-0.7147,0.6813,0,0.1084,-0.6732,-0.7314,0,0.9815,0.1895,-0.0289,0,0,0.5252,0,1]},
{"frame":256,"values":[-0.0707,-0.7516,0.6558,0,0.1242,-0.659,-0.7419,0,0.9897,0.029,0.1399,0,0,0.5252,0,1]},
{"frame":257,"values":[-0.2645,-0.7527,0.6029,0,0.1406,-0.6486,-0.748,0,0.9541,-0.1131,0.2774,0,0,0.5252,0,1]},
{"frame":258,"values":[-0.4005,-0.7352,0.5468,0,0.154,-0.6423,-0.7508,0,0.9032,-0.2165,0.3705,0,0,0.5252,0,1]},
{"frame":259,"values":[-0.4772,-0.7176,0.5072,0,0.1624,-0.6393,-0.7516,0,0.8637,-0.2763,0.4216,0,0,0.5252,0,1]},
{"frame":260,"values":[-0.5014,-0.7108,0.4934,0,0.1652,-0.6384,-0.7518,0,0.8493,-0.2954,0.4375,0,0,0.5252,0,1]},
{"frame":291,"values":[-0.4987,-0.7116,0.4949,0,0.1649,-0.6385,-0.7518,0,0.8509,-0.2934,0.4357,0,0,0.5252,0,1]},
{"frame":292,"values":[-0.4907,-0.7139,0.4995,0,0.1639,-0.6388,-0.7517,0,0.8557,-0.287,0.4305,0,0,0.5252,0,1]},
{"frame":293,"values":[-0.4772,-0.7176,0.5072,0,0.1624,-0.6393,-0.7516,0,0.8637,-0.2763,0.4216,0,0,0.5252,0,1]},
{"frame":294,"values":[-0.4578,-0.7227,0.5178,0,0.1602,-0.64,-0.7515,0,0.8745,-0.2611,0.4088,0,0,0.5252,0,1]},
{"frame":295,"values":[-0.4324,-0.7286,0.5312,0,0.1574,-0.641,-0.7512,0,0.8878,-0.2412,0.3919,0,0,0.5252,0,1]},
{"frame":296,"values":[-0.4005,-0.7352,0.5468,0,0.154,-0.6423,-0.7508,0,0.9032,-0.2165,0.3705,0,0,0.5252,0,1]},
{"frame":297,"values":[-0.362,-0.7418,0.5645,0,0.1501,-0.644,-0.7502,0,0.92,-0.1869,0.3445,0,0,0.5252,0,1]},
{"frame":298,"values":[-0.3167,-0.7479,0.5834,0,0.1456,-0.6461,-0.7493,0,0.9373,-0.1524,0.3135,0,0,0.5252,0,1]},
{"frame":299,"values":[-0.2645,-0.7527,0.6029,0,0.1406,-0.6486,-0.748,0,0.9541,-0.1131,0.2774,0,0,0.5252,0,1]},
{"frame":300,"values":[-0.2058,-0.7554,0.6221,0,0.1353,-0.6516,-0.7464,0,0.9692,-0.0694,0.2363,0,0,0.5252,0,1]},
{"frame":301,"values":[-0.1409,-0.7553,0.6401,0,0.1298,-0.655,-0.7444,0,0.9815,-0.0218,0.1903,0,0,0.5252,0,1]},
{"frame":302,"values":[-0.0707,-0.7516,0.6558,0,0.1242,-0.659,-0.7419,0,0.9897,0.029,0.1399,0,0,0.5252,0,1]},
{"frame":303,"values":[0.0035,-0.7438,0.6684,0,0.1186,-0.6633,-0.7388,0,0.9929,0.0819,0.0859,0,0,0.5252,0,1]},
{"frame":304,"values":[0.0804,-0.7315,0.6771,0,0.1133,-0.6681,-0.7354,0,0.9903,0.1358,0.0292,0,0,0.5252,0,1]},
{"frame":305,"values":[0.1581,-0.7147,0.6813,0,0.1084,-0.6732,-0.7314,0,0.9815,0.1895,-0.0289,0,0,0.5252,0,1]},
{"frame":306,"values":[0.2349,-0.6937,0.6809,0,0.104,-0.6785,-0.7272,0,0.9664,0.2416,-0.0872,0,0,0.5252,0,1]},
{"frame":307,"values":[0.309,-0.669,0.6759,0,0.1002,-0.6839,-0.7227,0,0.9458,0.2911,-0.1443,0,0,0.5252,0,1]},
{"frame":308,"values":[0.379,-0.6416,0.6669,0,0.0971,-0.6891,-0.7181,0,0.9203,0.3369,-0.1989,0,0,0.5252,0,1]},
{"frame":309,"values":[0.4436,-0.6123,0.6545,0,0.0945,-0.6942,-0.7135,0,0.8912,0.3784,-0.2501,0,0,0.5252,0,1]},
{"frame":310,"values":[0.5019,-0.5822,0.6396,0,0.0926,-0.6991,-0.709,0,0.8599,0.4152,-0.297,0,0,0.5252,0,1]},
{"frame":311,"values":[0.5537,-0.5524,0.6231,0,0.0913,-0.7035,-0.7048,0,0.8277,0.4471,-0.3391,0,0,0.5252,0,1]},
{"frame":312,"values":[0.5986,-0.5239,0.606,0,0.0904,-0.7075,-0.7009,0,0.796,0.4743,-0.3761,0,0,0.5252,0,1]},
{"frame":313,"values":[0.6368,-0.4974,0.5892,0,0.0898,-0.7111,-0.6974,0,0.7658,0.497,-0.4081,0,0,0.5252,0,1]},
{"frame":314,"values":[0.6687,-0.4735,0.5733,0,0.0895,-0.7141,-0.6943,0,0.7381,0.5156,-0.4351,0,0,0.5252,0,1]},
{"frame":315,"values":[0.6946,-0.4528,0.559,0,0.0895,-0.7167,-0.6917,0,0.7138,0.5304,-0.4573,0,0,0.5252,0,1]},
{"frame":316,"values":[0.715,-0.4356,0.5468,0,0.0895,-0.7187,-0.6895,0,0.6934,0.5419,-0.4749,0,0,0.5252,0,1]},
{"frame":317,"values":[0.7303,-0.4221,0.5371,0,0.0896,-0.7203,-0.6878,0,0.6772,0.5504,-0.4883,0,0,0.5252,0,1]},
{"frame":318,"values":[0.741,-0.4124,0.53,0,0.0896,-0.7214,-0.6867,0,0.6655,0.5563,-0.4976,0,0,0.5252,0,1]},
{"frame":319,"values":[0.7472,-0.4066,0.5257,0,0.0897,-0.7221,-0.686,0,0.6585,0.5597,-0.5031,0,0,0.5252,0,1]},
{"frame":320,"values":[0.7492,-0.4047,0.5243,0,0.0897,-0.7223,-0.6857,0,0.6562,0.5608,-0.5049,0,0,0.5252,0,1]}],"loopBehavior":1,"name":"anim","property":"_matrix"}},
{"name":"HandL","index":6,"matrix":[0.2348,0.972,0.0028,0,-0.9709,0.2347,-0.0476,0,-0.047,0.0084,0.9989,0,0,0.5619,0,1],"rest":[0.8008,0.5761,0.1639,0,-0.5837,0.812,-0.0018,0,-0.1341,-0.0942,0.9865,0,0,0.5619,0,1],"parentBoneIndex":5,"length":0.1836
,"animation":{"dataType":3,"framePerSecond":24,"keys":[
{"frame":1,"values":[0.2348,0.972,0.0028,0,-0.9709,0.2347,-0.0476,0,-0.047,0.0084,0.9989,0,0,0.5619,0,1]},
{"frame":46,"values":[0.3082,0.9511,0.0214,0,-0.9499,0.3089,-0.0484,0,-0.0526,-0.0054,0.9986,0,0,0.5619,0,1]},
{"frame":47,"values":[0.5076,0.8583,0.0746,0,-0.8583,0.5113,-0.0426,0,-0.0747,-0.0424,0.9963,0,0,0.5619,0,1]},
{"frame":48,"values":[0.7271,0.6722,0.1395,0,-0.6769,0.7359,-0.0176,0,-0.1145,-0.0817,0.9901,0,0,0.5619,0,1]},
{"frame":49,"values":[0.8529,0.4891,0.1825,0,-0.4996,0.8662,0.0136,0,-0.1514,-0.1028,0.9831,0,0,0.5619,0,1]},
{"frame":50,"values":[0.8865,0.4193,0.1956,0,-0.4322,0.9014,0.0265,0,-0.1652,-0.1081,0.9803,0,0,0.5619,0,1]},
{"frame":51,"values":[0.8574,0.4806,0.1842,0,-0.4914,0.8708,0.0152,0,-0.1531,-0.1035,0.9828,0,0,0.5619,0,1]},
{"frame":52,"values":[0.7516,0.6429,0.1474,0,-0.6485,0.7611,-0.0129,0,-0.1205,-0.0859,0.989,0,0,0.5619,0,1]},
{"frame":53,"values":[0.5708,0.8158,0.0925,0,-0.8167,0.5758,-0.0378,0,-0.0841,-0.0539,0.995,0,0,0.5619,0,1]},
{"frame":54,"values":[0.4054,0.913,0.0468,0,-0.912,0.4074,-0.0471,0,-0.0621,-0.0236,0.9978,0,0,0.5619,0,1]},
{"frame":55,"values":[0.3436,0.9386,0.0306,0,-0.9374,0.3448,-0.0482,0,-0.0558,-0.0121,0.9984,0,0,0.5619,0,1]},
{"frame":56,"values":[0.3957,0.9173,0.0442,0,-0.9163,0.3976,-0.0474,0,-0.061,-0.0218,0.9979,0,0,0.5619,0,1]},
{"frame":57,"values":[0.5365,0.8399,0.0827,0,-0.8402,0.5407,-0.0406,0,-0.0788,-0.0477,0.9957,0,0,0.5619,0,1]},
{"frame":58,"values":[0.6962,0.706,0.1298,0,-0.7097,0.7041,-0.0228,0,-0.1075,-0.0763,0.9913,0,0,0.5619,0,1]},
{"frame":59,"values":[0.798,0.5802,0.1629,0,-0.5877,0.8091,-0.0025,0,-0.1332,-0.0938,0.9866,0,0,0.5619,0,1]},
{"frame":60,"values":[0.8286,0.5322,0.1736,0,-0.5412,0.8408,0.0059,0,-0.1429,-0.0989,0.9848,0,0,0.5619,0,1]},
{"frame":61,"values":[0.82,0.5463,0.1706,0,-0.5549,0.8319,0.0034,0,-0.14,-0.0974,0.9853,0,0,0.5619,0,1]},
{"frame":62,"values":[0.7925,0.5882,0.161,0,-0.5955,0.8034,-0.0038,0,-0.1316,-0.0929,0.9869,0,0,0.5619,0,1]},
{"frame":63,"values":[0.7429,0.6536,0.1446,0,-0.6589,0.7521,-0.0146,0,-0.1183,-0.0844,0.9894,0,0,0.5619,0,1]},
{"frame":64,"values":[0.6692,0.7331,0.1215,0,-0.7361,0.6764,-0.0268,0,-0.1018,-0.0715,0.9922,0,0,0.5619,0,1]},
{"frame":65,"values":[0.5751,0.8127,0.0937,0,-0.8137,0.5801,-0.0374,0,-0.0848,-0.0547,0.9949,0,0,0.5619,0,1]},
{"frame":66,"values":[0.4717,0.8794,0.0647,0,-0.879,0.4747,-0.0446,0,-0.0699,-0.0358,0.9969,0,0,0.5619,0,1]},
{"frame":67,"values":[0.3747,0.9263,0.0387,0,-0.9253,0.3763,-0.0478,0,-0.0588,-0.0179,0.9981,0,0,0.5619,0,1]},
{"frame":68,"values":[0.2983,0.9543,0.0189,0,-0.9531,0.2989,-0.0484,0,-0.0518,-0.0036,0.9987,0,0,0.5619,0,1]},
{"frame":69,"values":[0.2507,0.968,0.0068,0,-0.9669,0.2507,-0.0479,0,-0.0481,0.0054,0.9988,0,0,0.5619,0,1]},
{"frame":70,"values":[0.2348,0.972,0.0028,0,-0.9709,0.2347,-0.0476,0,-0.047,0.0084,0.9989,0,0,0.5619,0,1]},
{"frame":100,"values":[0.2348,0.972,0.0028,0,-0.9709,0.2347,-0.0476,0,-0.047,0.0084,0.9989,0,0,0.5619,0,1]},
{"frame":111,"values":[0.2348,0.972,0.0028,0,-0.9709,0.2347,-0.0476,0,-0.047,0.0084,0.9989,0,0,0.5619,0,1]},
{"frame":156,"values":[0.3082,0.9511,0.0214,0,-0.9499,0.3089,-0.0484,0,-0.0526,-0.0054,0.9986,0,0,0.5619,0,1]},
{"frame":157,"values":[0.5076,0.8583,0.0746,0,-0.8583,0.5113,-0.0426,0,-0.0747,-0.0424,0.9963,0,0,0.5619,0,1]},
{"frame":158,"values":[0.7271,0.6722,0.1395,0,-0.6769,0.7359,-0.0176,0,-0.1145,-0.0817,0.9901,0,0,0.5619,0,1]},
{"frame":159,"values":[0.8529,0.4891,0.1825,0,-0.4996,0.8662,0.0136,0,-0.1514,-0.1028,0.9831,0,0,0.5619,0,1]},
{"frame":160,"values":[0.8865,0.4193,0.1956,0,-0.4322,0.9014,0.0265,0,-0.1652,-0.1081,0.9803,0,0,0.5619,0,1]},
{"frame":161,"values":[0.8574,0.4806,0.1842,0,-0.4914,0.8708,0.0152,0,-0.1531,-0.1035,0.9828,0,0,0.5619,0,1]},
{"frame":162,"values":[0.7516,0.6429,0.1474,0,-0.6485,0.7611,-0.0129,0,-0.1205,-0.0859,0.989,0,0,0.5619,0,1]},
{"frame":163,"values":[0.5708,0.8158,0.0925,0,-0.8167,0.5758,-0.0378,0,-0.0841,-0.0539,0.995,0,0,0.5619,0,1]},
{"frame":164,"values":[0.4054,0.913,0.0468,0,-0.912,0.4074,-0.0471,0,-0.0621,-0.0236,0.9978,0,0,0.5619,0,1]},
{"frame":165,"values":[0.3436,0.9386,0.0306,0,-0.9374,0.3448,-0.0482,0,-0.0558,-0.0121,0.9984,0,0,0.5619,0,1]},
{"frame":166,"values":[0.3957,0.9173,0.0442,0,-0.9163,0.3976,-0.0474,0,-0.061,-0.0218,0.9979,0,0,0.5619,0,1]},
{"frame":167,"values":[0.5365,0.8399,0.0827,0,-0.8402,0.5407,-0.0406,0,-0.0788,-0.0477,0.9957,0,0,0.5619,0,1]},
{"frame":168,"values":[0.6962,0.706,0.1298,0,-0.7097,0.7041,-0.0228,0,-0.1075,-0.0763,0.9913,0,0,0.5619,0,1]},
{"frame":169,"values":[0.798,0.5802,0.1629,0,-0.5877,0.8091,-0.0025,0,-0.1332,-0.0938,0.9866,0,0,0.5619,0,1]},
{"frame":170,"values":[0.8286,0.5322,0.1736,0,-0.5412,0.8408,0.0059,0,-0.1429,-0.0989,0.9848,0,0,0.5619,0,1]},
{"frame":171,"values":[0.82,0.5463,0.1706,0,-0.5549,0.8319,0.0034,0,-0.14,-0.0974,0.9853,0,0,0.5619,0,1]},
{"frame":172,"values":[0.7925,0.5882,0.161,0,-0.5955,0.8034,-0.0038,0,-0.1316,-0.0929,0.9869,0,0,0.5619,0,1]},
{"frame":173,"values":[0.7429,0.6536,0.1446,0,-0.6589,0.7521,-0.0146,0,-0.1183,-0.0844,0.9894,0,0,0.5619,0,1]},
{"frame":174,"values":[0.6692,0.7331,0.1215,0,-0.7361,0.6764,-0.0268,0,-0.1018,-0.0715,0.9922,0,0,0.5619,0,1]},
{"frame":175,"values":[0.5751,0.8127,0.0937,0,-0.8137,0.5801,-0.0374,0,-0.0848,-0.0547,0.9949,0,0,0.5619,0,1]},
{"frame":176,"values":[0.4717,0.8794,0.0647,0,-0.879,0.4747,-0.0446,0,-0.0699,-0.0358,0.9969,0,0,0.5619,0,1]},
{"frame":177,"values":[0.3747,0.9263,0.0387,0,-0.9253,0.3763,-0.0478,0,-0.0588,-0.0179,0.9981,0,0,0.5619,0,1]},
